0.773668 0.710606 0.787063
0.841008 0.759872 0.760117
0.784891 0.825913 0.759396
0.897125 0.84712 0.745814
0.869067 0.850328 0.814175
0.784891 0.796076 0.789868
0.599705 0.732155 0.717926
0.667045 0.807292 0.734416
0.711939 0.904172 0.77443
0.711939 1.00363 0.831574
0.885902 1.0256 0.88758
0.88029 0.991266 0.826669
0.420131 0.814086 0.683544
0.420131 0.80953 0.575947
0.487471 0.623913 0.603368
0.560423 0.548961 0.597353
0.453801 0.452338 0.472817
0.358402 0.452342 0.404931
0.28545 0.475254 0.405857
0.358402 0.367326 0.438308
0.504306 0.430616 0.524932
0.509918 0.565279 0.579268
0.31912 0.499338 0.405874
0.066594 0.209495 0.210798
0.100264 0.282837 0.234559
0.526753 0.497055 0.394199
0.386461 0.495934 0.444321
0.414519 0.3979 0.47152
0.751221 0.433426 0.555003
0.857843 0.453101 0.536682
0.358402 0.455049 0.386059
0.0273121 0.438565 0.275365
0.246168 0.302056 0.291184
0.487471 0.243394 0.390057
0.521141 0.378414 0.345689
0.100264 0.0767457 0.11912
-0.141039 -0.0674476 -0.0842212
-0.0961452 -0.0627674 -0.108101
-0.0849218 -0.110816 -0.00354518
-0.0175814 0.130188 -0.047152
-0.326225 -0.235576 -0.21412
-0.337448 -0.276386 -0.256973
-0.0288048 -0.0660927 -0.110761
0.0160887 0.180415 0.0825953
0.240557 0.114672 0.103538
-0.14665 -0.187725 -0.0919904
-0.371118 -0.351715 -0.239954
-0.197156 -0.37739 -0.217473
-0.0793101 -0.236878 -0.155688
-0.275719 -0.228991 -0.151963
-0.331836 -0.111198 -0.176855
-0.208379 -0.0732146 -0.14126
-0.0512516 -0.0511321 -0.101536
0.0329238 -0.135401 -0.0690914
0.167605 -0.292436 -0.0918099
0.0834291 -0.305006 -0.167127
-0.169097 -0.227118 -0.274803
-0.129815 -0.293005 -0.324919
-0.202767 -0.357235 -0.349389
-0.169097 -0.343207 -0.437055
-0.584363 -0.604373 -0.578982
-0.657315 -0.734965 -0.666875
-0.67415 -0.675341 -0.609427
-0.634868 -0.496458 -0.550942
-0.612421 -0.571599 -0.59833
-0.898618 -0.63166 -0.67736
-0.965958 -0.644111 -0.687612
-0.870559 -0.520655 -0.623508
-0.915453 -0.447249 -0.585204
-0.836889 -0.461911 -0.549192
-0.77516 -0.451239 -0.505985
-0.758325 -0.46852 -0.5206
-0.662927 -0.599195 -0.552945
-0.60681 -0.521063 -0.655851
-0.651703 -0.74719 -0.868017
-1.22971 -1.33265 -1.17849
-1.37561 -1.37215 -1.46244
-1.61691 -1.3256 -1.52345
-1.78527 -1.26149 -1.50938
-1.79088 -1.35498 -1.48562
-1.5608 -1.21638 -1.46538
-1.61691 -1.32082 -1.28231
-1.24093 -1.07997 -1.09144
-1.19043 -0.967328 -1.08845
-1.56641 -1.04854 -1.20632
-1.43734 -0.931993 -1.3923
-1.51029 -1.36554 -1.48693
-1.65059 -1.3673 -1.55298
-1.93678 -1.41296 -1.52707
-1.75721 -1.352 -1.36194
-1.19604 -1.15456 -1.1807
-1.23532 -0.981644 -1.08912
-1.06697 -0.808886 -1.02696
-1.11747 -1.00114 -1.06167
-1.39806 -1.11808 -1.20175
-1.25777 -1.13549 -1.29439
-1.40928 -1.21021 -1.26095
-1.49907 -1.31708 -1.31935
-1.67864 -1.33479 -1.47704
-1.64497 -1.43399 -1.53462
-1.00524 -1.49052 -1.42847
-0.977182 -1.42207 -1.32778
-1.39806 -1.41646 -1.40536
-1.70109 -1.52511 -1.54439
-1.75721 -1.52899 -1.65358
-1.88628 -1.51135 -1.73961
-1.89189 -1.62153 -1.76225
-1.78527 -1.69836 -1.79297
-1.87505 -1.75699 -1.85322
-1.94239 -1.81342 -1.84366
-1.90311 -1.859 -1.78413
-1.72354 -1.80456 -1.70996
-1.43173 -1.85193 -1.65423
-1.42051 -1.84009 -1.65767
-1.67864 -1.81024 -1.68319
-1.90311 -1.78955 -1.65425
-1.76843 -1.5458 -1.619
-1.71231 -1.51222 -1.64981
-1.60569 -1.78636 -1.67705
-2.00973 -1.76475 -1.76246
-2.06024 -1.75168 -1.81159
-2.01535 -1.55304 -1.80879
-1.76843 -1.70314 -1.84318
-1.86944 -1.96469 -1.95004
-2.08269 -2.041 -2.01897
-1.93117 -1.99371 -1.90067
-1.98168 -1.79484 -1.77768
-1.8975 -1.61365 -1.73108
-1.93678 -1.65186 -1.72402
-1.85261 -1.57856 -1.70266
-1.79649 -1.66538 -1.73401
-1.948 -1.72611 -1.7802
-1.85822 -1.69711 -1.66111
-1.83016 -1.42183 -1.5164
-1.5159 -1.20367 -1.37663
-1.34755 -1.37343 -1.32624
-1.61691 -1.48618 -1.31775
-1.63936 -1.29671 -1.26217
-1.38684 -0.99734 -1.1711
-1.14553 -1.19057 -1.20583
-1.34755 -1.40453 -1.30994
-1.71231 -1.37216 -1.39753
-1.61691 -1.20912 -1.35655
-1.07258 -1.33828 -1.32003
-1.00524 -1.53224 -1.24369
-0.853724 -1.41631 -1.07269
-0.758325 -1.31026 -1.05551
-0.960346 -1.34398 -1.22995
-1.28021 -1.3629 -1.36436
-1.21287 -1.32791 -1.3289
-1.2746 -1.36129 -1.30213
-1.35878 -1.30564 -1.32214
-1.42051 -1.24341 -1.3306
-1.24654 -1.21455 -1.32956
-1.20165 -1.43902 -1.38785
-1.39806 -1.51082 -1.48917
-1.39806 -1.4698 -1.54346
-1.51029 -1.47388 -1.40869
-1.21848 -1.30052 -1.33612
-1.09503 -1.46392 -1.37701
-1.26338 -1.5073 -1.45782
-1.2746 -1.4469 -1.35121
-1.10064 -1.28535 -1.15969
-1.19043 -1.12883 -1.0793
-1.16798 -0.935508 -1.07687
-1.06136 -0.88354 -1.06559
-1.17359 -1.08788 -1.04439
-1.13992 -1.06158 -1.01977
-1.03891 -0.969059 -1.05881
-1.10625 -0.971144 -1.13282
-1.15114 -1.04406 -1.1252
-1.07819 -0.945606 -1.03797
-0.893006 -0.771031 -0.926388
-0.803219 -0.656229 -0.73933
-0.500187 -0.47617 -0.619185
-0.786384 -0.807111 -0.72993
-0.803219 -0.90362 -0.794936
-0.618033 -0.783679 -0.696385
-0.735879 -0.706956 -0.641051
-0.60681 -0.807092 -0.781615
-0.859336 -0.992047 -0.956825
-0.831277 -1.02225 -0.983999
-0.921065 -0.874244 -0.850213
-0.690985 -0.682865 -0.684125
-0.612421 -0.560027 -0.589547
-0.685373 -0.537345 -0.586165
-0.662927 -0.525607 -0.563953
-0.533857 -0.445137 -0.421066
-0.354283 -0.240959 -0.244927
-0.230826 -0.117991 -0.132028
-0.247661 -0.130038 -0.181433
-0.247661 -0.273097 -0.26791
-0.185932 -0.347609 -0.339098
-0.387953 -0.381438 -0.376955
-0.197156 -0.313093 -0.373261
-0.399177 -0.386189 -0.433824
-0.623645 -0.393679 -0.546529
-0.702208 -0.608747 -0.631117
-0.612421 -0.605829 -0.629421
-0.595586 -0.480113 -0.568897
-0.286943 -0.357774 -0.443859
-0.320613 -0.225832 -0.321501
-0.292555 -0.196272 -0.224435
-0.0400282 -0.0853982 -0.17525
0.010477 -0.0363155 -0.0943494
0.0722057 -0.0316157 0.0116474
-0.0175814 0.221926 0.0366376
-0.0400282 0.219369 -0.0385957
-0.292555 -0.028176 -0.213695
-0.399177 -0.251198 -0.367441
-0.393565 -0.318516 -0.395242
-0.427235 -0.265817 -0.341184
-0.247661 -0.282312 -0.202597
-0.0905335 -0.100647 0.0379765
0.105876 0.338491 0.258291
0.223721 0.498727 0.359699
0.229333 0.264893 0.211774
0.0441472 0.0879513 0.0162943
-0.0119697 -0.00381437 -0.0415304
0.0217004 0.11386 0.00805397
0.0553706 0.178892 0.0879922
0.122711 0.159454 0.251635
0.352791 0.438093 0.41746
0.521141 0.674294 0.528207
0.352791 0.569742 0.400392
0.234945 0.272648 0.322578
0.448189 0.309711 0.374622
0.364014 0.294798 0.387389
0.521141 0.37159 0.519325
0.841008 0.623985 0.634897
0.448189 0.629203 0.490501
0.167605 0.479395 0.346763
0.263003 0.577748 0.354398
0.190051 0.551103 0.39721
0.375237 0.49923 0.337539
0.111488 0.412026 0.195657
0.257392 0.321546 0.174756
0.28545 0.282676 0.24872
0.425743 0.41654 0.37365
0.470636 0.537611 0.50083
0.5492 0.692269 0.540102
0.532365 0.645281 0.521343
0.48186 0.664502 0.50524
0.526753 0.570697 0.511473
0.554812 0.514569 0.558822
0.442578 0.598456 0.574118
0.560423 0.668993 0.540169
0.448189 0.681067 0.531763
0.487471 0.662992 0.56431
0.588482 0.547698 0.558766
0.661434 0.511048 0.606911
0.706327 0.643281 0.675995
0.824173 0.607867 0.70046
0.711939 0.568243 0.647571
0.779279 0.532368 0.632693
0.885902 0.690067 0.815164
1.07109 0.982046 0.95646
0.65021 0.937136 0.820963
0.5492 0.822309 0.759896
0.986912 0.935832 0.877569
0.9813 1.00341 0.898342
0.818561 0.748093 0.835849
0.902737 0.806203 0.820348
0.9813 0.847556 0.865298
0.936407 0.954862 1.00475
1.08231 1.1195 1.21633
1.39657 1.30218 1.31211
0.84662 1.31212 1.12725
0.773668 1.22358 0.965981
0.9813 0.97794 0.948025
1.05425 0.992145 0.954231
0.919572 0.994268 0.945081
0.768056 1.0778 0.918165
0.953242 1.03018 0.986638
0.930795 1.16289 1.1125
0.925184 1.1223 1.06295
0.835396 0.928298 0.914222
0.885902 0.83731 0.871927
0.975689 0.896696 0.986211
1.06548 1.03114 1.09674
1.14965 1.14797 1.13949
1.06548 0.991322 1.17653
1.00375 1.11825 1.17167
0.942019 1.24611 1.06801
0.925184 1.15786 1.00881
0.975689 1.0595 1.0077
0.84662 1.14443 1.04113
0.852231 1.22402 1.02106
0.762444 1.13489 0.960614
0.784891 1.13704 0.989664
0.953242 1.15759 1.08076
1.09353 1.25605 1.17618
1.08231 1.34903 1.20569
1.0767 1.25427 1.19449
1.15526 1.19635 1.20724
1.11037 1.22222 1.1911
1.0767 1.24516 1.12214
1.13843 1.21773 1.07979
0.9813 1.2365 1.0805
0.953242 1.27394 1.07757
1.04303 1.20039 1.05748
0.9813 1.13043 1.06037
1.07109 1.09303 1.16546
1.31239 1.27337 1.37247
1.32361 1.43291 1.50816
0.891513 1.44179 1.35298
0.975689 1.35993 1.2262
1.15526 1.29778 1.27453
1.21138 1.25534 1.26522
1.04864 1.22669 1.1806
0.986912 1.20856 1.11751
1.08792 1.32878 1.15273
1.00375 1.40521 1.23263
1.09915 1.44437 1.31115
1.24505 1.36902 1.31285
1.23383 1.21054 1.26438
1.29556 1.19509 1.24245
1.32923 1.27362 1.27633
1.24505 1.32282 1.25074
1.16087 1.20011 1.19996
1.20016 1.21748 1.20491
1.27311 1.23486 1.24787
1.21699 1.26085 1.24886
1.1721 1.23659 1.2413
1.21138 1.25356 1.28414
1.32361 1.29388 1.35171
1.37973 1.3637 1.37266
1.21138 1.39985 1.33801
1.23383 1.35924 1.32119
1.35728 1.34409 1.35314
1.37412 1.29724 1.35541
1.17771 1.25128 1.33074
1.30678 1.22751 1.28449
1.20016 1.22901 1.22806
1.20016 1.19737 1.20057
1.16649 1.24036 1.16885
1.19454 1.17412 1.19273
1.2226 1.19792 1.21134
1.19454 1.2107 1.20899
1.19454 1.22104 1.20031
1.11037 1.16985 1.17368
1.03742 1.14798 1.13019
1.02619 1.15387 1.11598
1.10476 1.21855 1.17279
1.25066 1.21954 1.21344
1.1272 1.19853 1.1638
0.975689 1.09364 1.05491
0.958854 0.99106 0.981089
1.14404 1.01875 1.00219
1.05425 1.0494 1.0366
0.986912 1.05993 0.972916
0.784891 0.948485 0.851448
0.863455 0.92606 0.854902
0.857843 0.938415 0.896204
0.841008 0.957754 0.882514
0.857843 0.952776 0.892816
0.908348 1.07757 0.942363
0.9813 1.06715 0.97139
0.84662 0.978771 0.91946
0.852231 0.973964 0.842743
0.678269 0.917178 0.795267
0.796115 0.807284 0.785254
1.00375 0.779901 0.843539
0.925184 0.90505 0.915465
0.745609 0.929821 0.886013
0.633375 0.814923 0.775342
0.695104 0.746516 0.736649
0.739998 0.835484 0.784113
0.683881 0.956732 0.83117
0.885902 0.911938 0.76972
0.5492 0.809547 0.633908
0.498695 0.669812 0.512363
0.459413 0.585062 0.458158
0.566035 0.535458 0.536254
0.633375 0.583308 0.694721
0.762444 0.72758 0.834748
0.756833 0.859263 0.958146
0.857843 0.91949 1.00177
0.779279 0.899365 0.972397
1.07109 0.828598 0.937751
0.874678 0.787804 0.859932
0.773668 0.833399 0.822397
0.801726 0.818224 0.859874
0.745609 0.867151 0.861626
0.717551 0.859638 0.757644
0.51553 0.56621 0.577738
0.341567 0.400101 0.425193
0.487471 0.426371 0.462976
0.532365 0.489248 0.586495
0.695104 0.492611 0.623236
0.509918 0.478797 0.590057
0.633375 0.572577 0.518955
0.706327 0.430001 0.447099
0.5492 0.355094 0.430921
0.470636 0.414528 0.44636
0.476248 0.37621 0.444621
0.436966 0.278978 0.451064
0.638987 0.26311 0.389142
0.392072 0.123168 0.204273
-0.0849218 -0.0692854 0.0223961
0.0273121 0.0310846 0.0548912
0.229333 0.13501 0.241689
0.0609823 0.268 0.262618
-0.0119697 0.211139 0.145629
-0.0175814 0.0644374 0.00651581
-0.0400282 -0.101251 -0.136329
-0.197156 -0.36546 -0.257887
-0.191544 -0.324064 -0.284624
-0.174709 -0.187774 -0.267445
-0.236438 -0.177509 -0.294246
-0.326225 -0.339538 -0.298979
-0.303778 -0.229012 -0.212456
-0.14665 -0.073939 -0.0817807
0.128323 0.00927619 0.0363506
0.128323 -0.0661491 -0.00247929
-0.281331 -0.349914 -0.192018
-0.337448 -0.438604 -0.347223
-0.44407 -0.416829 -0.3861
-0.517022 -0.419053 -0.369197
-0.421624 -0.399319 -0.308119
-0.432847 -0.354249 -0.29823
-0.477741 -0.338495 -0.293555
-0.455294 -0.303044 -0.175128
-0.118592 -0.124421 -8.39181E-05
-0.11298 0.0231368 0.0550511
-0.00635805 -0.117672 -0.183143
-0.735879 -0.535104 -0.601878
-0.881783 -0.92262 -0.864424
-0.702208 -0.883018 -0.881682
-0.60681 -0.798512 -0.726936
-0.522634 -0.702898 -0.586027
-0.533857 -0.619627 -0.458603
-0.281331 -0.35169 -0.346793
-0.432847 -0.349638 -0.227326
-0.0905335 -0.0784911 -0.183243
-0.44407 -0.332637 -0.414489
-0.921065 -0.732565 -0.688835
-0.954735 -0.795787 -0.727817
-0.539469 -0.640677 -0.628044
-0.808831 -0.754466 -0.735644
-1.02208 -0.919614 -0.836926
-1.0838 -0.891403 -0.760424
-0.556304 -0.671089 -0.5829
-0.601198 -0.552494 -0.377072
-0.595586 -0.280126 -0.270411
-0.618033 -0.410518 -0.426593
-0.814442 -0.626088 -0.665939
-1.12309 -0.827262 -0.720615
-0.893006 -0.72088 -0.720476
-0.814442 -0.859872 -0.775541
-0.752714 -1.01148 -0.813033
-0.999628 -0.939761 -0.813122
-0.780772 -0.907934 -0.943766
-1.09503 -1.15412 -1.13482
-1.26338 -1.2139 -1.16756
-0.921065 -1.05528 -1.0537
-1.11747 -1.01912 -0.938516
-0.719043 -0.914593 -0.853356
-1.14553 -0.887773 -0.947397
-1.33633 -0.942169 -1.08373
-0.949123 -1.08449 -1.21114
-1.15114 -1.48342 -1.31989
-1.15676 -1.46234 -1.38581
-1.21287 -1.27305 -1.30303
-1.48223 -1.16913 -1.15799
-1.26338 -0.968791 -1.00128
-0.842501 -1.02971 -0.970054
-1.08942 -1.41898 -1.10137
-1.28582 -1.46385 -1.23253
-1.03891 -1.47406 -1.2583
-0.842501 -1.44547 -1.21618
-0.561916 -1.43758 -1.26513
-1.24654 -1.46781 -1.27307
-0.808831 -1.41492 -1.08565
-0.949123 -1.24189 -1.01059
-1.00524 -1.25202 -1.12484
-1.13431 -1.27768 -1.23958
-1.28021 -1.40022 -1.37836
-1.65059 -1.57261 -1.49501
-1.69548 -1.63416 -1.5977
-1.90311 -1.65385 -1.62975
-1.72915 -1.56441 -1.58551
-1.73476 -1.4136 -1.5719
-1.85822 -1.52319 -1.59548
-1.97606 -1.69055 -1.53639
-1.77965 -1.40908 -1.371
-1.56641 -1.14054 -1.26143
-1.47662 -1.19245 -1.21995
-1.43734 -1.28076 -1.25796
-1.52713 -1.27132 -1.29662
-1.36439 -1.12745 -1.29246
-1.5608 -1.20035 -1.27509
-1.0333 -1.35213 -1.26729
-1.11186 -1.47658 -1.2878
-1.39806 -1.45574 -1.26661
-1.42051 -1.35985 -1.20115
-1.17359 -1.36082 -1.18901
-1.53835 -1.46517 -1.33689
-1.38684 -1.49779 -1.27068
-1.21848 -1.45771 -1.19103
