0.773668 0.710606 0.780361
0.841008 0.759872 0.751273
0.784891 0.825913 0.747856
0.897125 0.84712 0.734583
0.869067 0.850328 0.805137
0.784891 0.796076 0.781417
0.599705 0.732155 0.710027
0.667045 0.807292 0.722865
0.711939 0.904172 0.763446
0.711939 1.00363 0.819596
0.885902 1.0256 0.878452
0.88029 0.991266 0.816277
0.420131 0.814086 0.676794
0.420131 0.80953 0.562918
0.487471 0.623913 0.600489
0.560423 0.548961 0.594511
0.453801 0.452338 0.469595
0.358402 0.452342 0.397784
0.28545 0.475254 0.396757
0.358402 0.367326 0.436114
0.504306 0.430616 0.526402
0.509918 0.565279 0.575525
0.31912 0.499338 0.398737
0.066594 0.209495 0.210285
0.100264 0.282837 0.229155
0.526753 0.497055 0.384063
0.386461 0.495934 0.440855
0.414519 0.3979 0.47262
0.751221 0.433426 0.554714
0.857843 0.453101 0.536315
0.358402 0.455049 0.381752
0.0273121 0.438565 0.266512
0.246168 0.302056 0.286838
0.487471 0.243394 0.394783
0.521141 0.378414 0.340928
0.100264 0.0767457 0.123664
-0.141039 -0.0674476 -0.0859811
-0.0961452 -0.0627674 -0.11214
-0.0849218 -0.110816 0.00471237
-0.0175814 0.130188 -0.0580428
-0.326225 -0.235576 -0.209599
-0.337448 -0.276386 -0.256812
-0.0288048 -0.0660927 -0.113885
0.0160887 0.180415 0.0830418
0.240557 0.114672 0.102217
-0.14665 -0.187725 -0.0833244
-0.371118 -0.351715 -0.234651
-0.197156 -0.37739 -0.211251
-0.0793101 -0.236878 -0.151158
-0.275719 -0.228991 -0.148353
-0.331836 -0.111198 -0.177037
-0.208379 -0.0732146 -0.140986
-0.0512516 -0.0511321 -0.0971239
0.0329238 -0.135401 -0.0642088
0.167605 -0.292436 -0.0842554
0.0834291 -0.305006 -0.161262
-0.169097 -0.227118 -0.275792
-0.129815 -0.293005 -0.326063
-0.202767 -0.357235 -0.348641
-0.169097 -0.343207 -0.444261
-0.584363 -0.604373 -0.574446
-0.657315 -0.734965 -0.662902
-0.67415 -0.675341 -0.602516
-0.634868 -0.496458 -0.548465
-0.612421 -0.571599 -0.593016
-0.898618 -0.63166 -0.674022
-0.965958 -0.644111 -0.683642
-0.870559 -0.520655 -0.622438
-0.915453 -0.447249 -0.583845
-0.836889 -0.461911 -0.547748
-0.77516 -0.451239 -0.504591
-0.758325 -0.46852 -0.518109
-0.662927 -0.599195 -0.545905
-0.60681 -0.521063 -0.650423
-0.651703 -0.74719 -0.866781
-1.22971 -1.33265 -1.15522
-1.37561 -1.37215 -1.45612
-1.61691 -1.3256 -1.52101
-1.78527 -1.26149 -1.50481
-1.79088 -1.35498 -1.48145
-1.5608 -1.21638 -1.46657
-1.61691 -1.32082 -1.26764
-1.24093 -1.07997 -1.085
-1.19043 -0.967328 -1.07947
-1.56641 -1.04854 -1.19937
-1.43734 -0.931993 -1.40784
-1.51029 -1.36554 -1.48224
-1.65059 -1.3673 -1.55389
-1.93678 -1.41296 -1.52361
-1.75721 -1.352 -1.35119
-1.19604 -1.15456 -1.17419
-1.23532 -0.981644 -1.08333
-1.06697 -0.808886 -1.02432
-1.11747 -1.00114 -1.05588
-1.39806 -1.11808 -1.19892
-1.25777 -1.13549 -1.29385
-1.40928 -1.21021 -1.25837
-1.49907 -1.31708 -1.30858
-1.67864 -1.33479 -1.47161
-1.64497 -1.43399 -1.52684
-1.00524 -1.49052 -1.41505
-0.977182 -1.42207 -1.31131
-1.39806 -1.41646 -1.39169
-1.70109 -1.52511 -1.53418
-1.75721 -1.52899 -1.65153
-1.88628 -1.51135 -1.74327
-1.89189 -1.62153 -1.75658
-1.78527 -1.69836 -1.78519
-1.87505 -1.75699 -1.84481
-1.94239 -1.81342 -1.83366
-1.90311 -1.859 -1.77313
-1.72354 -1.80456 -1.69403
-1.43173 -1.85193 -1.63484
-1.42051 -1.84009 -1.63754
-1.67864 -1.81024 -1.66551
-1.90311 -1.78955 -1.63698
-1.76843 -1.5458 -1.60762
-1.71231 -1.51222 -1.63741
-1.60569 -1.78636 -1.66256
-2.00973 -1.76475 -1.74722
-2.06024 -1.75168 -1.7977
-2.01535 -1.55304 -1.80468
-1.76843 -1.70314 -1.83859
-1.86944 -1.96469 -1.93562
-2.08269 -2.041 -2.00448
-1.93117 -1.99371 -1.88192
-1.98168 -1.79484 -1.76067
-1.8975 -1.61365 -1.72072
-1.93678 -1.65186 -1.70942
-1.85261 -1.57856 -1.69064
-1.79649 -1.66538 -1.72137
-1.948 -1.72611 -1.76769
-1.85822 -1.69711 -1.64602
-1.83016 -1.42183 -1.50376
-1.5159 -1.20367 -1.36639
-1.34755 -1.37343 -1.31482
-1.61691 -1.48618 -1.29983
-1.63936 -1.29671 -1.24367
-1.38684 -0.99734 -1.1662
-1.14553 -1.19057 -1.1964
-1.34755 -1.40453 -1.29843
-1.71231 -1.37216 -1.38822
-1.61691 -1.20912 -1.35167
-1.07258 -1.33828 -1.30875
-1.00524 -1.53224 -1.2232
-0.853724 -1.41631 -1.05592
-0.758325 -1.31026 -1.03656
-0.960346 -1.34398 -1.21616
-1.28021 -1.3629 -1.35302
-1.21287 -1.32791 -1.31859
-1.2746 -1.36129 -1.28836
-1.35878 -1.30564 -1.31208
-1.42051 -1.24341 -1.32273
-1.24654 -1.21455 -1.32393
-1.20165 -1.43902 -1.37421
-1.39806 -1.51082 -1.48092
-1.39806 -1.4698 -1.53325
-1.51029 -1.47388 -1.39511
-1.21848 -1.30052 -1.32421
-1.09503 -1.46392 -1.3617
-1.26338 -1.5073 -1.44567
-1.2746 -1.4469 -1.33609
-1.10064 -1.28535 -1.14577
-1.19043 -1.12883 -1.06764
-1.16798 -0.935508 -1.07229
-1.06136 -0.88354 -1.0682
-1.17359 -1.08788 -1.03691
-1.13992 -1.06158 -1.01344
-1.03891 -0.969059 -1.05656
-1.10625 -0.971144 -1.13172
-1.15114 -1.04406 -1.12528
-1.07819 -0.945606 -1.03372
-0.893006 -0.771031 -0.926048
-0.803219 -0.656229 -0.732017
-0.500187 -0.47617 -0.618799
-0.786384 -0.807111 -0.71446
-0.803219 -0.90362 -0.783455
-0.618033 -0.783679 -0.688864
-0.735879 -0.706956 -0.632933
-0.60681 -0.807092 -0.775924
-0.859336 -0.992047 -0.949933
-0.831277 -1.02225 -0.978665
-0.921065 -0.874244 -0.844691
-0.690985 -0.682865 -0.679168
-0.612421 -0.560027 -0.586714
-0.685373 -0.537345 -0.58311
-0.662927 -0.525607 -0.563003
-0.533857 -0.445137 -0.415472
-0.354283 -0.240959 -0.243988
-0.230826 -0.117991 -0.132493
-0.247661 -0.130038 -0.181
-0.247661 -0.273097 -0.265548
-0.185932 -0.347609 -0.339758
-0.387953 -0.381438 -0.374944
-0.197156 -0.313093 -0.377113
-0.399177 -0.386189 -0.434612
-0.623645 -0.393679 -0.553533
-0.702208 -0.608747 -0.628158
-0.612421 -0.605829 -0.628732
-0.595586 -0.480113 -0.570523
-0.286943 -0.357774 -0.443259
-0.320613 -0.225832 -0.322851
-0.292555 -0.196272 -0.220898
-0.0400282 -0.0853982 -0.177416
0.010477 -0.0363155 -0.0956759
0.0722057 -0.0316157 0.0132259
-0.0175814 0.221926 0.0304054
-0.0400282 0.219369 -0.0493479
-0.292555 -0.028176 -0.221454
-0.399177 -0.251198 -0.368996
-0.393565 -0.318516 -0.396934
-0.427235 -0.265817 -0.343539
-0.247661 -0.282312 -0.193422
-0.0905335 -0.100647 0.0493293
0.105876 0.338491 0.251726
0.223721 0.498727 0.350349
0.229333 0.264893 0.21006
0.0441472 0.0879513 0.0122157
-0.0119697 -0.00381437 -0.0429511
0.0217004 0.11386 0.00235367
0.0553706 0.178892 0.0863021
0.122711 0.159454 0.260231
0.352791 0.438093 0.41293
0.521141 0.674294 0.519733
0.352791 0.569742 0.391807
0.234945 0.272648 0.324482
0.448189 0.309711 0.367379
0.364014 0.294798 0.388105
0.521141 0.37159 0.521696
0.841008 0.623985 0.626626
0.448189 0.629203 0.478354
0.167605 0.479395 0.339718
0.263003 0.577748 0.34242
0.190051 0.551103 0.389157
0.375237 0.49923 0.326385
0.111488 0.412026 0.184627
0.257392 0.321546 0.164396
0.28545 0.282676 0.24472
0.425743 0.41654 0.36978
0.470636 0.537611 0.49807
0.5492 0.692269 0.530536
0.532365 0.645281 0.514987
0.48186 0.664502 0.495602
0.526753 0.570697 0.507786
0.554812 0.514569 0.556241
0.442578 0.598456 0.567868
0.560423 0.668993 0.528015
0.448189 0.681067 0.521904
0.487471 0.662992 0.553706
0.588482 0.547698 0.555601
0.661434 0.511048 0.605538
0.706327 0.643281 0.671152
0.824173 0.607867 0.699366
0.711939 0.568243 0.642612
0.779279 0.532368 0.630959
0.885902 0.690067 0.8127
1.07109 0.982046 0.945199
0.65021 0.937136 0.810534
0.5492 0.822309 0.751766
0.986912 0.935832 0.868177
0.9813 1.00341 0.888308
0.818561 0.748093 0.833237
0.902737 0.806203 0.809622
0.9813 0.847556 0.85657
0.936407 0.954862 1.00086
1.08231 1.1195 1.21402
1.39657 1.30218 1.30325
0.84662 1.31212 1.11879
0.773668 1.22358 0.947396
0.9813 0.97794 0.936974
1.05425 0.992145 0.942914
0.919572 0.994268 0.933788
0.768056 1.0778 0.902533
0.953242 1.03018 0.977567
0.930795 1.16289 1.10146
0.925184 1.1223 1.05284
0.835396 0.928298 0.907118
0.885902 0.83731 0.864647
0.975689 0.896696 0.981298
1.06548 1.03114 1.09421
1.14965 1.14797 1.13033
1.06548 0.991322 1.17809
1.00375 1.11825 1.16698
0.942019 1.24611 1.05661
0.925184 1.15786 0.995479
0.975689 1.0595 0.995331
0.84662 1.14443 1.02858
0.852231 1.22402 1.0042
0.762444 1.13489 0.948956
0.784891 1.13704 0.975034
0.953242 1.15759 1.07128
1.09353 1.25605 1.16288
1.08231 1.34903 1.19064
1.0767 1.25427 1.1831
1.15526 1.19635 1.19828
1.11037 1.22222 1.17973
1.0767 1.24516 1.11125
1.13843 1.21773 1.0657
0.9813 1.2365 1.0664
0.953242 1.27394 1.06082
1.04303 1.20039 1.04202
0.9813 1.13043 1.04671
1.07109 1.09303 1.1603
1.31239 1.27337 1.36763
1.32361 1.43291 1.50166
0.891513 1.44179 1.34019
0.975689 1.35993 1.21242
1.15526 1.29778 1.26051
1.21138 1.25534 1.25621
1.04864 1.22669 1.17143
0.986912 1.20856 1.10666
1.08792 1.32878 1.13877
1.00375 1.40521 1.21987
1.09915 1.44437 1.29849
1.24505 1.36902 1.3013
1.23383 1.21054 1.25579
1.29556 1.19509 1.2344
1.32923 1.27362 1.26501
1.24505 1.32282 1.23767
1.16087 1.20011 1.19032
1.20016 1.21748 1.19379
1.27311 1.23486 1.23707
1.21699 1.26085 1.23887
1.1721 1.23659 1.23259
1.21138 1.25356 1.2751
1.32361 1.29388 1.34404
1.37973 1.3637 1.3634
1.21138 1.39985 1.32392
1.23383 1.35924 1.31014
1.35728 1.34409 1.34136
1.37412 1.29724 1.34628
1.17771 1.25128 1.32298
1.30678 1.22751 1.27428
1.20016 1.22901 1.21707
1.20016 1.19737 1.18852
1.16649 1.24036 1.15478
1.19454 1.17412 1.18222
1.2226 1.19792 1.20172
1.19454 1.2107 1.19927
1.19454 1.22104 1.18935
1.11037 1.16985 1.16458
1.03742 1.14798 1.11988
1.02619 1.15387 1.10628
1.10476 1.21855 1.16229
1.25066 1.21954 1.20419
1.1272 1.19853 1.15365
0.975689 1.09364 1.04353
0.958854 0.99106 0.974375
1.14404 1.01875 0.994009
1.05425 1.0494 1.02792
0.986912 1.05993 0.960588
0.784891 0.948485 0.840957
0.863455 0.92606 0.842317
0.857843 0.938415 0.884803
0.841008 0.957754 0.873289
0.857843 0.952776 0.882149
0.908348 1.07757 0.928954
0.9813 1.06715 0.958349
0.84662 0.978771 0.911133
0.852231 0.973964 0.827292
0.678269 0.917178 0.780935
0.796115 0.807284 0.777978
1.00375 0.779901 0.840263
0.925184 0.90505 0.908607
0.745609 0.929821 0.876915
0.633375 0.814923 0.766698
0.695104 0.746516 0.728811
0.739998 0.835484 0.777369
0.683881 0.956732 0.820944
0.885902 0.911938 0.758923
0.5492 0.809547 0.621534
0.498695 0.669812 0.499587
0.459413 0.585062 0.447617
0.566035 0.535458 0.531156
0.633375 0.583308 0.69587
0.762444 0.72758 0.833843
0.756833 0.859263 0.953314
0.857843 0.91949 0.996975
0.779279 0.899365 0.968258
1.07109 0.828598 0.933116
0.874678 0.787804 0.854728
0.773668 0.833399 0.81465
0.801726 0.818224 0.85384
0.745609 0.867151 0.855877
0.717551 0.859638 0.745701
0.51553 0.56621 0.574171
0.341567 0.400101 0.421936
0.487471 0.426371 0.457957
0.532365 0.489248 0.584781
0.695104 0.492611 0.62331
0.509918 0.478797 0.591033
0.633375 0.572577 0.510221
0.706327 0.430001 0.443652
0.5492 0.355094 0.428867
0.470636 0.414528 0.44198
0.476248 0.37621 0.442077
0.436966 0.278978 0.453241
0.638987 0.26311 0.386755
0.392072 0.123168 0.203618
-0.0849218 -0.0692854 0.0245142
0.0273121 0.0310846 0.0536021
0.229333 0.13501 0.242089
0.0609823 0.268 0.26192
-0.0119697 0.211139 0.144429
-0.0175814 0.0644374 0.00143172
-0.0400282 -0.101251 -0.139418
-0.197156 -0.36546 -0.252391
-0.191544 -0.324064 -0.284375
-0.174709 -0.187774 -0.270918
-0.236438 -0.177509 -0.299829
-0.326225 -0.339538 -0.296294
-0.303778 -0.229012 -0.210916
-0.14665 -0.073939 -0.080956
0.128323 0.00927619 0.0370406
0.128323 -0.0661491 -0.0017845
-0.281331 -0.349914 -0.182965
-0.337448 -0.438604 -0.341672
-0.44407 -0.416829 -0.386255
-0.517022 -0.419053 -0.365844
-0.421624 -0.399319 -0.30411
-0.432847 -0.354249 -0.294138
-0.477741 -0.338495 -0.28918
-0.455294 -0.303044 -0.165427
-0.118592 -0.124421 0.00451978
-0.11298 0.0231368 0.0576308
-0.00635805 -0.117672 -0.189481
-0.735879 -0.535104 -0.602518
-0.881783 -0.92262 -0.855182
-0.702208 -0.883018 -0.880348
-0.60681 -0.798512 -0.721914
-0.522634 -0.702898 -0.576525
-0.533857 -0.619627 -0.443662
-0.281331 -0.35169 -0.346824
-0.432847 -0.349638 -0.214175
-0.0905335 -0.0784911 -0.187101
-0.44407 -0.332637 -0.413398
-0.921065 -0.732565 -0.679263
-0.954735 -0.795787 -0.717746
-0.539469 -0.640677 -0.625879
-0.808831 -0.754466 -0.726617
-1.02208 -0.919614 -0.829665
-1.0838 -0.891403 -0.749257
-0.556304 -0.671089 -0.575842
-0.601198 -0.552494 -0.36144
-0.595586 -0.280126 -0.268996
-0.618033 -0.410518 -0.421308
-0.814442 -0.626088 -0.663669
-1.12309 -0.827262 -0.714602
-0.893006 -0.72088 -0.718849
-0.814442 -0.859872 -0.764586
-0.752714 -1.01148 -0.798513
-0.999628 -0.939761 -0.804208
-0.780772 -0.907934 -0.941061
-1.09503 -1.15412 -1.12742
-1.26338 -1.2139 -1.15893
-0.921065 -1.05528 -1.05159
-1.11747 -1.01912 -0.924347
-0.719043 -0.914593 -0.846354
-1.14553 -0.887773 -0.942604
-1.33633 -0.942169 -1.08443
-0.949123 -1.08449 -1.21154
-1.15114 -1.48342 -1.3043
-1.15676 -1.46234 -1.37547
-1.21287 -1.27305 -1.29584
-1.48223 -1.16913 -1.14548
-1.26338 -0.968791 -0.98967
-0.842501 -1.02971 -0.957736
-1.08942 -1.41898 -1.07568
-1.28582 -1.46385 -1.21445
-1.03891 -1.47406 -1.24051
-0.842501 -1.44547 -1.19936
-0.561916 -1.43758 -1.25207
-1.24654 -1.46781 -1.25645
-0.808831 -1.41492 -1.06702
-0.949123 -1.24189 -0.993971
-1.00524 -1.25202 -1.10899
-1.13431 -1.27768 -1.23385
-1.28021 -1.40022 -1.36908
-1.65059 -1.57261 -1.47814
-1.69548 -1.63416 -1.58425
-1.90311 -1.65385 -1.61522
-1.72915 -1.56441 -1.57291
-1.73476 -1.4136 -1.56529
-1.85822 -1.52319 -1.58719
-1.97606 -1.69055 -1.5159
-1.77965 -1.40908 -1.35785
-1.56641 -1.14054 -1.25289
-1.47662 -1.19245 -1.20918
-1.43734 -1.28076 -1.24583
-1.52713 -1.27132 -1.28477
-1.36439 -1.12745 -1.28965
-1.5608 -1.20035 -1.26799
-1.0333 -1.35213 -1.25723
-1.11186 -1.47658 -1.27371
-1.39806 -1.45574 -1.25145
-1.42051 -1.35985 -1.18651
-1.17359 -1.36082 -1.17384
-1.53835 -1.46517 -1.32087
-1.38684 -1.49779 -1.25338
-1.21848 -1.45771 -1.17179
