0.773668 0.710606 0.779297
0.841008 0.759872 0.749297
0.784891 0.825913 0.743552
0.897125 0.84712 0.727068
0.869067 0.850328 0.803392
0.784891 0.796076 0.782403
0.599705 0.732155 0.707107
0.667045 0.807292 0.721337
0.711939 0.904172 0.758705
0.711939 1.00363 0.814726
0.885902 1.0256 0.876025
0.88029 0.991266 0.815285
0.420131 0.814086 0.675234
0.420131 0.80953 0.559252
0.487471 0.623913 0.603963
0.560423 0.548961 0.600422
0.453801 0.452338 0.469953
0.358402 0.452342 0.39734
0.28545 0.475254 0.395593
0.358402 0.367326 0.43886
0.504306 0.430616 0.530782
0.509918 0.565279 0.579823
0.31912 0.499338 0.39771
0.066594 0.209495 0.212164
0.100264 0.282837 0.227921
0.526753 0.497055 0.3828
0.386461 0.495934 0.438666
0.414519 0.3979 0.474
0.751221 0.433426 0.562501
0.857843 0.453101 0.54247
0.358402 0.455049 0.380945
0.0273121 0.438565 0.264461
0.246168 0.302056 0.288985
0.487471 0.243394 0.402182
0.521141 0.378414 0.344856
0.100264 0.0767457 0.124974
-0.141039 -0.0674476 -0.0846012
-0.0961452 -0.0627674 -0.111059
-0.0849218 -0.110816 0.00908358
-0.0175814 0.130188 -0.0637759
-0.326225 -0.235576 -0.213569
-0.337448 -0.276386 -0.259276
-0.0288048 -0.0660927 -0.116401
0.0160887 0.180415 0.0791929
0.240557 0.114672 0.103321
-0.14665 -0.187725 -0.0784553
-0.371118 -0.351715 -0.22923
-0.197156 -0.37739 -0.203572
-0.0793101 -0.236878 -0.147074
-0.275719 -0.228991 -0.146339
-0.331836 -0.111198 -0.18067
-0.208379 -0.0732146 -0.139003
-0.0512516 -0.0511321 -0.095139
0.0329238 -0.135401 -0.0588656
0.167605 -0.292436 -0.0775454
0.0834291 -0.305006 -0.154974
-0.169097 -0.227118 -0.278004
-0.129815 -0.293005 -0.326266
-0.202767 -0.357235 -0.349165
-0.169097 -0.343207 -0.448579
-0.584363 -0.604373 -0.577501
-0.657315 -0.734965 -0.661835
-0.67415 -0.675341 -0.60028
-0.634868 -0.496458 -0.549281
-0.612421 -0.571599 -0.595387
-0.898618 -0.63166 -0.6753
-0.965958 -0.644111 -0.685697
-0.870559 -0.520655 -0.624947
-0.915453 -0.447249 -0.589423
-0.836889 -0.461911 -0.553088
-0.77516 -0.451239 -0.507238
-0.758325 -0.46852 -0.521001
-0.662927 -0.599195 -0.541585
-0.60681 -0.521063 -0.651383
-0.651703 -0.74719 -0.861654
-1.22971 -1.33265 -1.15455
-1.37561 -1.37215 -1.46257
-1.61691 -1.3256 -1.52769
-1.78527 -1.26149 -1.51351
-1.79088 -1.35498 -1.49026
-1.5608 -1.21638 -1.48053
-1.61691 -1.32082 -1.27374
-1.24093 -1.07997 -1.0877
-1.19043 -0.967328 -1.08514
-1.56641 -1.04854 -1.20686
-1.43734 -0.931993 -1.42694
-1.51029 -1.36554 -1.49594
-1.65059 -1.3673 -1.56573
-1.93678 -1.41296 -1.53537
-1.75721 -1.352 -1.35999
-1.19604 -1.15456 -1.17916
-1.23532 -0.981644 -1.09411
-1.06697 -0.808886 -1.03319
-1.11747 -1.00114 -1.06264
-1.39806 -1.11808 -1.20604
-1.25777 -1.13549 -1.30548
-1.40928 -1.21021 -1.26063
-1.49907 -1.31708 -1.3113
-1.67864 -1.33479 -1.47826
-1.64497 -1.43399 -1.53043
-1.00524 -1.49052 -1.41189
-0.977182 -1.42207 -1.30524
-1.39806 -1.41646 -1.39202
-1.70109 -1.52511 -1.53567
-1.75721 -1.52899 -1.65834
-1.88628 -1.51135 -1.76071
-1.89189 -1.62153 -1.76588
-1.78527 -1.69836 -1.79206
-1.87505 -1.75699 -1.85347
-1.94239 -1.81342 -1.83973
-1.90311 -1.859 -1.77801
-1.72354 -1.80456 -1.69362
-1.43173 -1.85193 -1.62919
-1.42051 -1.84009 -1.63125
-1.67864 -1.81024 -1.66207
-1.90311 -1.78955 -1.63474
-1.76843 -1.5458 -1.60804
-1.71231 -1.51222 -1.6432
-1.60569 -1.78636 -1.66017
-2.00973 -1.76475 -1.74636
-2.06024 -1.75168 -1.79875
-2.01535 -1.55304 -1.81518
-1.76843 -1.70314 -1.84893
-1.86944 -1.96469 -1.93866
-2.08269 -2.041 -2.0072
-1.93117 -1.99371 -1.87938
-1.98168 -1.79484 -1.76165
-1.8975 -1.61365 -1.72668
-1.93678 -1.65186 -1.71381
-1.85261 -1.57856 -1.69341
-1.79649 -1.66538 -1.7219
-1.948 -1.72611 -1.77346
-1.85822 -1.69711 -1.64677
-1.83016 -1.42183 -1.50763
-1.5159 -1.20367 -1.37255
-1.34755 -1.37343 -1.31938
-1.61691 -1.48618 -1.29437
-1.63936 -1.29671 -1.23987
-1.38684 -0.99734 -1.16914
-1.14553 -1.19057 -1.20264
-1.34755 -1.40453 -1.29665
-1.71231 -1.37216 -1.39112
-1.61691 -1.20912 -1.35576
-1.07258 -1.33828 -1.30678
-1.00524 -1.53224 -1.21858
-0.853724 -1.41631 -1.04511
-0.758325 -1.31026 -1.0296
-0.960346 -1.34398 -1.21213
-1.28021 -1.3629 -1.35338
-1.21287 -1.32791 -1.31411
-1.2746 -1.36129 -1.28641
-1.35878 -1.30564 -1.31309
-1.42051 -1.24341 -1.32807
-1.24654 -1.21455 -1.32594
-1.20165 -1.43902 -1.37563
-1.39806 -1.51082 -1.47978
-1.39806 -1.4698 -1.53756
-1.51029 -1.47388 -1.39143
-1.21848 -1.30052 -1.32656
-1.09503 -1.46392 -1.3603
-1.26338 -1.5073 -1.44657
-1.2746 -1.4469 -1.33591
-1.10064 -1.28535 -1.14252
-1.19043 -1.12883 -1.06947
-1.16798 -0.935508 -1.0816
-1.06136 -0.88354 -1.07974
-1.17359 -1.08788 -1.04123
-1.13992 -1.06158 -1.01618
-1.03891 -0.969059 -1.06289
-1.10625 -0.971144 -1.14252
-1.15114 -1.04406 -1.13313
-1.07819 -0.945606 -1.04101
-0.893006 -0.771031 -0.938702
-0.803219 -0.656229 -0.741414
-0.500187 -0.47617 -0.62139
-0.786384 -0.807111 -0.711335
-0.803219 -0.90362 -0.777017
-0.618033 -0.783679 -0.684234
-0.735879 -0.706956 -0.630904
-0.60681 -0.807092 -0.7755
-0.859336 -0.992047 -0.949962
-0.831277 -1.02225 -0.978579
-0.921065 -0.874244 -0.846718
-0.690985 -0.682865 -0.681758
-0.612421 -0.560027 -0.589805
-0.685373 -0.537345 -0.587902
-0.662927 -0.525607 -0.568245
-0.533857 -0.445137 -0.418559
-0.354283 -0.240959 -0.246586
-0.230826 -0.117991 -0.135886
-0.247661 -0.130038 -0.184495
-0.247661 -0.273097 -0.266667
-0.185932 -0.347609 -0.338599
-0.387953 -0.381438 -0.377781
-0.197156 -0.313093 -0.380109
-0.399177 -0.386189 -0.439972
-0.623645 -0.393679 -0.559139
-0.702208 -0.608747 -0.630993
-0.612421 -0.605829 -0.630462
-0.595586 -0.480113 -0.577398
-0.286943 -0.357774 -0.448014
-0.320613 -0.225832 -0.326558
-0.292555 -0.196272 -0.222626
-0.0400282 -0.0853982 -0.182434
0.010477 -0.0363155 -0.1012
0.0722057 -0.0316157 0.0122174
-0.0175814 0.221926 0.021651
-0.0400282 0.219369 -0.0595337
-0.292555 -0.028176 -0.228352
-0.399177 -0.251198 -0.375441
-0.393565 -0.318516 -0.400195
-0.427235 -0.265817 -0.347079
-0.247661 -0.282312 -0.195053
-0.0905335 -0.100647 0.0496374
0.105876 0.338491 0.246795
0.223721 0.498727 0.341751
0.229333 0.264893 0.205077
0.0441472 0.0879513 0.00930379
-0.0119697 -0.00381437 -0.042962
0.0217004 0.11386 0.00046448
0.0553706 0.178892 0.0818283
0.122711 0.159454 0.259284
0.352791 0.438093 0.411037
0.521141 0.674294 0.513714
0.352791 0.569742 0.386492
0.234945 0.272648 0.324045
0.448189 0.309711 0.372324
0.364014 0.294798 0.387075
0.521141 0.37159 0.522536
0.841008 0.623985 0.626934
0.448189 0.629203 0.469425
0.167605 0.479395 0.334616
0.263003 0.577748 0.340132
0.190051 0.551103 0.383594
0.375237 0.49923 0.319101
0.111488 0.412026 0.172262
0.257392 0.321546 0.158413
0.28545 0.282676 0.243362
0.425743 0.41654 0.367755
0.470636 0.537611 0.496309
0.5492 0.692269 0.524762
0.532365 0.645281 0.509693
0.48186 0.664502 0.492779
0.526753 0.570697 0.50864
0.554812 0.514569 0.559871
0.442578 0.598456 0.566413
0.560423 0.668993 0.52101
0.448189 0.681067 0.514239
0.487471 0.662992 0.551382
0.588482 0.547698 0.556407
0.661434 0.511048 0.609969
0.706327 0.643281 0.673986
0.824173 0.607867 0.702728
0.711939 0.568243 0.645668
0.779279 0.532368 0.63218
0.885902 0.690067 0.813998
1.07109 0.982046 0.944878
0.65021 0.937136 0.803119
0.5492 0.822309 0.749626
0.986912 0.935832 0.871017
0.9813 1.00341 0.885598
0.818561 0.748093 0.834242
0.902737 0.806203 0.809283
0.9813 0.847556 0.854659
0.936407 0.954862 0.99904
1.08231 1.1195 1.21703
1.39657 1.30218 1.30795
0.84662 1.31212 1.11404
0.773668 1.22358 0.941089
0.9813 0.97794 0.935988
1.05425 0.992145 0.941191
0.919572 0.994268 0.931239
0.768056 1.0778 0.894985
0.953242 1.03018 0.974705
0.930795 1.16289 1.1025
0.925184 1.1223 1.05215
0.835396 0.928298 0.907328
0.885902 0.83731 0.867683
0.975689 0.896696 0.988138
1.06548 1.03114 1.09818
1.14965 1.14797 1.13194
1.06548 0.991322 1.18669
1.00375 1.11825 1.17649
0.942019 1.24611 1.05477
0.925184 1.15786 0.993145
0.975689 1.0595 0.99406
0.84662 1.14443 1.02355
0.852231 1.22402 0.998857
0.762444 1.13489 0.942567
0.784891 1.13704 0.97244
0.953242 1.15759 1.06803
1.09353 1.25605 1.15992
1.08231 1.34903 1.1848
1.0767 1.25427 1.18011
1.15526 1.19635 1.20089
1.11037 1.22222 1.18179
1.0767 1.24516 1.10895
1.13843 1.21773 1.06306
0.9813 1.2365 1.06287
0.953242 1.27394 1.05403
1.04303 1.20039 1.03504
0.9813 1.13043 1.04347
1.07109 1.09303 1.16194
1.31239 1.27337 1.37312
1.32361 1.43291 1.50991
0.891513 1.44179 1.33919
0.975689 1.35993 1.20785
1.15526 1.29778 1.26554
1.21138 1.25534 1.2584
1.04864 1.22669 1.17341
0.986912 1.20856 1.10738
1.08792 1.32878 1.13756
1.00375 1.40521 1.21722
1.09915 1.44437 1.29641
1.24505 1.36902 1.30029
1.23383 1.21054 1.2595
1.29556 1.19509 1.23816
1.32923 1.27362 1.26726
1.24505 1.32282 1.23672
1.16087 1.20011 1.19127
1.20016 1.21748 1.19548
1.27311 1.23486 1.2386
1.21699 1.26085 1.23963
1.1721 1.23659 1.23463
1.21138 1.25356 1.27932
1.32361 1.29388 1.34863
1.37973 1.3637 1.36512
1.21138 1.39985 1.3228
1.23383 1.35924 1.30992
1.35728 1.34409 1.34472
1.37412 1.29724 1.34991
1.17771 1.25128 1.32671
1.30678 1.22751 1.27831
1.20016 1.22901 1.21806
1.20016 1.19737 1.19016
1.16649 1.24036 1.15148
1.19454 1.17412 1.1838
1.2226 1.19792 1.20424
1.19454 1.2107 1.19982
1.19454 1.22104 1.18977
1.11037 1.16985 1.16631
1.03742 1.14798 1.12195
1.02619 1.15387 1.1069
1.10476 1.21855 1.1633
1.25066 1.21954 1.20587
1.1272 1.19853 1.15383
0.975689 1.09364 1.04549
0.958854 0.99106 0.977059
1.14404 1.01875 0.997305
1.05425 1.0494 1.02937
0.986912 1.05993 0.958586
0.784891 0.948485 0.836068
0.863455 0.92606 0.839297
0.857843 0.938415 0.884154
0.841008 0.957754 0.869842
0.857843 0.952776 0.879435
0.908348 1.07757 0.922994
0.9813 1.06715 0.954504
0.84662 0.978771 0.908693
0.852231 0.973964 0.822391
0.678269 0.917178 0.777228
0.796115 0.807284 0.779315
1.00375 0.779901 0.845253
0.925184 0.90505 0.910175
0.745609 0.929821 0.875689
0.633375 0.814923 0.765098
0.695104 0.746516 0.731562
0.739998 0.835484 0.778891
0.683881 0.956732 0.818579
0.885902 0.911938 0.754391
0.5492 0.809547 0.614387
0.498695 0.669812 0.493893
0.459413 0.585062 0.442698
0.566035 0.535458 0.531622
0.633375 0.583308 0.698631
0.762444 0.72758 0.838483
0.756833 0.859263 0.958811
0.857843 0.91949 1.00115
0.779279 0.899365 0.971139
1.07109 0.828598 0.93966
0.874678 0.787804 0.859595
0.773668 0.833399 0.815784
0.801726 0.818224 0.859512
0.745609 0.867151 0.856968
0.717551 0.859638 0.745677
0.51553 0.56621 0.576385
0.341567 0.400101 0.423918
0.487471 0.426371 0.460294
0.532365 0.489248 0.58868
0.695104 0.492611 0.628037
0.509918 0.478797 0.595874
0.633375 0.572577 0.510545
0.706327 0.430001 0.444128
0.5492 0.355094 0.432615
0.470636 0.414528 0.443773
0.476248 0.37621 0.443476
0.436966 0.278978 0.459269
0.638987 0.26311 0.391168
0.392072 0.123168 0.206935
-0.0849218 -0.0692854 0.0295613
0.0273121 0.0310846 0.0552215
0.229333 0.13501 0.24739
0.0609823 0.268 0.261279
-0.0119697 0.211139 0.143916
-0.0175814 0.0644374 0.003208
-0.0400282 -0.101251 -0.137769
-0.197156 -0.36546 -0.250404
-0.191544 -0.324064 -0.283803
-0.174709 -0.187774 -0.276003
-0.236438 -0.177509 -0.307666
-0.326225 -0.339538 -0.297954
-0.303778 -0.229012 -0.211598
-0.14665 -0.073939 -0.08359
0.128323 0.00927619 0.0363367
0.128323 -0.0661491 0.00127329
-0.281331 -0.349914 -0.178902
-0.337448 -0.438604 -0.339583
-0.44407 -0.416829 -0.385204
-0.517022 -0.419053 -0.36648
-0.421624 -0.399319 -0.302136
-0.432847 -0.354249 -0.292763
-0.477741 -0.338495 -0.288193
-0.455294 -0.303044 -0.16236
-0.118592 -0.124421 0.0095292
-0.11298 0.0231368 0.0585703
-0.00635805 -0.117672 -0.187517
-0.735879 -0.535104 -0.604106
-0.881783 -0.92262 -0.853838
-0.702208 -0.883018 -0.881427
-0.60681 -0.798512 -0.723091
-0.522634 -0.702898 -0.57522
-0.533857 -0.619627 -0.441027
-0.281331 -0.35169 -0.348168
-0.432847 -0.349638 -0.214544
-0.0905335 -0.0784911 -0.189454
-0.44407 -0.332637 -0.413841
-0.921065 -0.732565 -0.67482
-0.954735 -0.795787 -0.714091
-0.539469 -0.640677 -0.621072
-0.808831 -0.754466 -0.72872
-1.02208 -0.919614 -0.828098
-1.0838 -0.891403 -0.745428
-0.556304 -0.671089 -0.571758
-0.601198 -0.552494 -0.358956
-0.595586 -0.280126 -0.269559
-0.618033 -0.410518 -0.421125
-0.814442 -0.626088 -0.665214
-1.12309 -0.827262 -0.710159
-0.893006 -0.72088 -0.718006
-0.814442 -0.859872 -0.759391
-0.752714 -1.01148 -0.790766
-0.999628 -0.939761 -0.798698
-0.780772 -0.907934 -0.941556
-1.09503 -1.15412 -1.12807
-1.26338 -1.2139 -1.15967
-0.921065 -1.05528 -1.05037
-1.11747 -1.01912 -0.927
-0.719043 -0.914593 -0.844001
-1.14553 -0.887773 -0.948403
-1.33633 -0.942169 -1.09105
-0.949123 -1.08449 -1.21404
-1.15114 -1.48342 -1.30294
-1.15676 -1.46234 -1.37701
-1.21287 -1.27305 -1.29749
-1.48223 -1.16913 -1.14789
-1.26338 -0.968791 -0.989701
-0.842501 -1.02971 -0.952644
-1.08942 -1.41898 -1.06559
-1.28582 -1.46385 -1.20343
-1.03891 -1.47406 -1.23233
-0.842501 -1.44547 -1.19056
-0.561916 -1.43758 -1.24677
-1.24654 -1.46781 -1.25545
-0.808831 -1.41492 -1.05498
-0.949123 -1.24189 -0.984545
-1.00524 -1.25202 -1.10907
-1.13431 -1.27768 -1.23223
-1.28021 -1.40022 -1.36737
-1.65059 -1.57261 -1.47526
-1.69548 -1.63416 -1.58228
-1.90311 -1.65385 -1.61396
-1.72915 -1.56441 -1.57279
-1.73476 -1.4136 -1.57411
-1.85822 -1.52319 -1.59237
-1.97606 -1.69055 -1.51295
-1.77965 -1.40908 -1.35524
-1.56641 -1.14054 -1.2579
-1.47662 -1.19245 -1.21178
-1.43734 -1.28076 -1.2442
-1.52713 -1.27132 -1.28482
-1.36439 -1.12745 -1.29552
-1.5608 -1.20035 -1.27403
-1.0333 -1.35213 -1.25695
-1.11186 -1.47658 -1.27042
-1.39806 -1.45574 -1.24557
-1.42051 -1.35985 -1.18191
-1.17359 -1.36082 -1.16638
-1.53835 -1.46517 -1.31961
-1.38684 -1.49779 -1.24568
-1.21848 -1.45771 -1.15857
