0.773668 0.710606 0.784413
0.841008 0.759872 0.756581
0.784891 0.825913 0.753609
0.897125 0.84712 0.740138
0.869067 0.850328 0.807635
0.784891 0.796076 0.784555
0.599705 0.732155 0.715004
0.667045 0.807292 0.728331
0.711939 0.904172 0.767953
0.711939 1.00363 0.823578
0.885902 1.0256 0.879284
0.88029 0.991266 0.818642
0.420131 0.814086 0.680709
0.420131 0.80953 0.571253
0.487471 0.623913 0.602361
0.560423 0.548961 0.593866
0.453801 0.452338 0.47236
0.358402 0.452342 0.403052
0.28545 0.475254 0.402006
0.358402 0.367326 0.438593
0.504306 0.430616 0.525205
0.509918 0.565279 0.572817
0.31912 0.499338 0.401321
0.066594 0.209495 0.216041
0.100264 0.282837 0.235045
0.526753 0.497055 0.3865
0.386461 0.495934 0.440526
0.414519 0.3979 0.471975
0.751221 0.433426 0.553379
0.857843 0.453101 0.534523
0.358402 0.455049 0.384486
0.0273121 0.438565 0.273757
0.246168 0.302056 0.291579
0.487471 0.243394 0.391391
0.521141 0.378414 0.339022
0.100264 0.0767457 0.122017
-0.141039 -0.0674476 -0.0805685
-0.0961452 -0.0627674 -0.106754
-0.0849218 -0.110816 -0.000514816
-0.0175814 0.130188 -0.058115
-0.326225 -0.235576 -0.209987
-0.337448 -0.276386 -0.254341
-0.0288048 -0.0660927 -0.112246
0.0160887 0.180415 0.0775819
0.240557 0.114672 0.0967355
-0.14665 -0.187725 -0.085983
-0.371118 -0.351715 -0.233112
-0.197156 -0.37739 -0.211594
-0.0793101 -0.236878 -0.154197
-0.275719 -0.228991 -0.15092
-0.331836 -0.111198 -0.176889
-0.208379 -0.0732146 -0.140857
-0.0512516 -0.0511321 -0.0994018
0.0329238 -0.135401 -0.0676561
0.167605 -0.292436 -0.0881779
0.0834291 -0.305006 -0.163584
-0.169097 -0.227118 -0.27407
-0.129815 -0.293005 -0.323858
-0.202767 -0.357235 -0.34823
-0.169097 -0.343207 -0.441744
-0.584363 -0.604373 -0.575056
-0.657315 -0.734965 -0.661181
-0.67415 -0.675341 -0.604489
-0.634868 -0.496458 -0.552337
-0.612421 -0.571599 -0.596623
-0.898618 -0.63166 -0.674307
-0.965958 -0.644111 -0.683508
-0.870559 -0.520655 -0.623664
-0.915453 -0.447249 -0.585607
-0.836889 -0.461911 -0.549435
-0.77516 -0.451239 -0.507021
-0.758325 -0.46852 -0.520042
-0.662927 -0.599195 -0.549392
-0.60681 -0.521063 -0.653802
-0.651703 -0.74719 -0.867848
-1.22971 -1.33265 -1.16625
-1.37561 -1.37215 -1.45623
-1.61691 -1.3256 -1.51965
-1.78527 -1.26149 -1.50653
-1.79088 -1.35498 -1.48352
-1.5608 -1.21638 -1.46532
-1.61691 -1.32082 -1.27591
-1.24093 -1.07997 -1.09392
-1.19043 -0.967328 -1.08785
-1.56641 -1.04854 -1.20377
-1.43734 -0.931993 -1.40015
-1.51029 -1.36554 -1.48359
-1.65059 -1.3673 -1.55263
-1.93678 -1.41296 -1.52389
-1.75721 -1.352 -1.35841
-1.19604 -1.15456 -1.18123
-1.23532 -0.981644 -1.08928
-1.06697 -0.808886 -1.03013
-1.11747 -1.00114 -1.06191
-1.39806 -1.11808 -1.19972
-1.25777 -1.13549 -1.29157
-1.40928 -1.21021 -1.26001
-1.49907 -1.31708 -1.31482
-1.67864 -1.33479 -1.47247
-1.64497 -1.43399 -1.52599
-1.00524 -1.49052 -1.41954
-0.977182 -1.42207 -1.32128
-1.39806 -1.41646 -1.39925
-1.70109 -1.52511 -1.53654
-1.75721 -1.52899 -1.64988
-1.88628 -1.51135 -1.74086
-1.89189 -1.62153 -1.75858
-1.78527 -1.69836 -1.78912
-1.87505 -1.75699 -1.84745
-1.94239 -1.81342 -1.83719
-1.90311 -1.859 -1.77818
-1.72354 -1.80456 -1.70125
-1.43173 -1.85193 -1.6438
-1.42051 -1.84009 -1.64591
-1.67864 -1.81024 -1.67181
-1.90311 -1.78955 -1.64368
-1.76843 -1.5458 -1.61402
-1.71231 -1.51222 -1.64366
-1.60569 -1.78636 -1.66928
-2.00973 -1.76475 -1.7521
-2.06024 -1.75168 -1.80136
-2.01535 -1.55304 -1.80755
-1.76843 -1.70314 -1.84254
-1.86944 -1.96469 -1.94057
-2.08269 -2.041 -2.00679
-1.93117 -1.99371 -1.88963
-1.98168 -1.79484 -1.77022
-1.8975 -1.61365 -1.72794
-1.93678 -1.65186 -1.71634
-1.85261 -1.57856 -1.69744
-1.79649 -1.66538 -1.72668
-1.948 -1.72611 -1.77074
-1.85822 -1.69711 -1.65306
-1.83016 -1.42183 -1.51097
-1.5159 -1.20367 -1.37554
-1.34755 -1.37343 -1.32332
-1.61691 -1.48618 -1.30712
-1.63936 -1.29671 -1.25082
-1.38684 -0.99734 -1.17244
-1.14553 -1.19057 -1.20344
-1.34755 -1.40453 -1.30277
-1.71231 -1.37216 -1.38886
-1.61691 -1.20912 -1.35388
-1.07258 -1.33828 -1.31248
-1.00524 -1.53224 -1.23019
-0.853724 -1.41631 -1.06604
-0.758325 -1.31026 -1.04882
-0.960346 -1.34398 -1.2213
-1.28021 -1.3629 -1.35361
-1.21287 -1.32791 -1.32154
-1.2746 -1.36129 -1.29447
-1.35878 -1.30564 -1.31643
-1.42051 -1.24341 -1.32617
-1.24654 -1.21455 -1.32739
-1.20165 -1.43902 -1.38041
-1.39806 -1.51082 -1.48243
-1.39806 -1.4698 -1.53324
-1.51029 -1.47388 -1.40149
-1.21848 -1.30052 -1.33317
-1.09503 -1.46392 -1.36988
-1.26338 -1.5073 -1.44786
-1.2746 -1.4469 -1.34193
-1.10064 -1.28535 -1.15505
-1.19043 -1.12883 -1.07607
-1.16798 -0.935508 -1.07631
-1.06136 -0.88354 -1.0691
-1.17359 -1.08788 -1.04033
-1.13992 -1.06158 -1.01786
-1.03891 -0.969059 -1.05883
-1.10625 -0.971144 -1.13143
-1.15114 -1.04406 -1.12402
-1.07819 -0.945606 -1.03618
-0.893006 -0.771031 -0.929015
-0.803219 -0.656229 -0.739797
-0.500187 -0.47617 -0.626589
-0.786384 -0.807111 -0.720568
-0.803219 -0.90362 -0.784422
-0.618033 -0.783679 -0.691973
-0.735879 -0.706956 -0.640434
-0.60681 -0.807092 -0.778884
-0.859336 -0.992047 -0.94887
-0.831277 -1.02225 -0.97665
-0.921065 -0.874244 -0.846712
-0.690985 -0.682865 -0.68367
-0.612421 -0.560027 -0.591071
-0.685373 -0.537345 -0.585488
-0.662927 -0.525607 -0.562957
-0.533857 -0.445137 -0.419241
-0.354283 -0.240959 -0.247277
-0.230826 -0.117991 -0.137324
-0.247661 -0.130038 -0.183476
-0.247661 -0.273097 -0.266483
-0.185932 -0.347609 -0.338013
-0.387953 -0.381438 -0.374393
-0.197156 -0.313093 -0.376742
-0.399177 -0.386189 -0.434433
-0.623645 -0.393679 -0.549403
-0.702208 -0.608747 -0.626432
-0.612421 -0.605829 -0.627332
-0.595586 -0.480113 -0.569322
-0.286943 -0.357774 -0.444363
-0.320613 -0.225832 -0.323943
-0.292555 -0.196272 -0.224502
-0.0400282 -0.0853982 -0.177848
0.010477 -0.0363155 -0.0968347
0.0722057 -0.0316157 0.00958838
-0.0175814 0.221926 0.0290069
-0.0400282 0.219369 -0.0475891
-0.292555 -0.028176 -0.217451
-0.399177 -0.251198 -0.366205
-0.393565 -0.318516 -0.394397
-0.427235 -0.265817 -0.342129
-0.247661 -0.282312 -0.199562
-0.0905335 -0.100647 0.039516
0.105876 0.338491 0.249636
0.223721 0.498727 0.3463
0.229333 0.264893 0.207956
0.0441472 0.0879513 0.0159803
-0.0119697 -0.00381437 -0.0389954
0.0217004 0.11386 0.00541964
0.0553706 0.178892 0.0856147
0.122711 0.159454 0.252427
0.352791 0.438093 0.411431
0.521141 0.674294 0.516277
0.352791 0.569742 0.394541
0.234945 0.272648 0.326271
0.448189 0.309711 0.369997
0.364014 0.294798 0.3887
0.521141 0.37159 0.518199
0.841008 0.623985 0.623996
0.448189 0.629203 0.482092
0.167605 0.479395 0.34613
0.263003 0.577748 0.349373
0.190051 0.551103 0.390578
0.375237 0.49923 0.328172
0.111488 0.412026 0.190333
0.257392 0.321546 0.170354
0.28545 0.282676 0.247664
0.425743 0.41654 0.369942
0.470636 0.537611 0.495893
0.5492 0.692269 0.531019
0.532365 0.645281 0.516462
0.48186 0.664502 0.49939
0.526753 0.570697 0.510512
0.554812 0.514569 0.556902
0.442578 0.598456 0.569084
0.560423 0.668993 0.532308
0.448189 0.681067 0.525958
0.487471 0.662992 0.556907
0.588482 0.547698 0.558014
0.661434 0.511048 0.606693
0.706327 0.643281 0.671843
0.824173 0.607867 0.697912
0.711939 0.568243 0.644776
0.779279 0.532368 0.634677
0.885902 0.690067 0.811673
1.07109 0.982046 0.942753
0.65021 0.937136 0.814446
0.5492 0.822309 0.758587
0.986912 0.935832 0.871031
0.9813 1.00341 0.889246
0.818561 0.748093 0.834743
0.902737 0.806203 0.814757
0.9813 0.847556 0.860769
0.936407 0.954862 1.00026
1.08231 1.1195 1.21044
1.39657 1.30218 1.29958
0.84662 1.31212 1.12136
0.773668 1.22358 0.957346
0.9813 0.97794 0.943089
1.05425 0.992145 0.947197
0.919572 0.994268 0.937984
0.768056 1.0778 0.9093
0.953242 1.03018 0.982088
0.930795 1.16289 1.10215
0.925184 1.1223 1.05445
0.835396 0.928298 0.911836
0.885902 0.83731 0.871582
0.975689 0.896696 0.983765
1.06548 1.03114 1.093
1.14965 1.14797 1.13202
1.06548 0.991322 1.17664
1.00375 1.11825 1.16751
0.942019 1.24611 1.06213
0.925184 1.15786 1.00237
0.975689 1.0595 1.00169
0.84662 1.14443 1.03202
0.852231 1.22402 1.00942
0.762444 1.13489 0.955017
0.784891 1.13704 0.981791
0.953242 1.15759 1.07434
1.09353 1.25605 1.16582
1.08231 1.34903 1.1943
1.0767 1.25427 1.18703
1.15526 1.19635 1.20172
1.11037 1.22222 1.18366
1.0767 1.24516 1.11591
1.13843 1.21773 1.07234
0.9813 1.2365 1.07241
0.953242 1.27394 1.06657
1.04303 1.20039 1.04794
0.9813 1.13043 1.05335
1.07109 1.09303 1.16315
1.31239 1.27337 1.36716
1.32361 1.43291 1.49827
0.891513 1.44179 1.3453
0.975689 1.35993 1.22144
1.15526 1.29778 1.26703
1.21138 1.25534 1.25894
1.04864 1.22669 1.17549
0.986912 1.20856 1.1138
1.08792 1.32878 1.14556
1.00375 1.40521 1.22454
1.09915 1.44437 1.30086
1.24505 1.36902 1.30394
1.23383 1.21054 1.26
1.29556 1.19509 1.23947
1.32923 1.27362 1.26877
1.24505 1.32282 1.24219
1.16087 1.20011 1.1956
1.20016 1.21748 1.19954
1.27311 1.23486 1.24069
1.21699 1.26085 1.24213
1.1721 1.23659 1.23691
1.21138 1.25356 1.27957
1.32361 1.29388 1.34612
1.37973 1.3637 1.36541
1.21138 1.39985 1.32928
1.23383 1.35924 1.31563
1.35728 1.34409 1.34604
1.37412 1.29724 1.34972
1.17771 1.25128 1.32569
1.30678 1.22751 1.27886
1.20016 1.22901 1.22277
1.20016 1.19737 1.19415
1.16649 1.24036 1.16143
1.19454 1.17412 1.18683
1.2226 1.19792 1.20547
1.19454 1.2107 1.20279
1.19454 1.22104 1.19304
1.11037 1.16985 1.16813
1.03742 1.14798 1.12504
1.02619 1.15387 1.11193
1.10476 1.21855 1.16612
1.25066 1.21954 1.20596
1.1272 1.19853 1.15651
0.975689 1.09364 1.0497
0.958854 0.99106 0.979974
1.14404 1.01875 0.998242
1.05425 1.0494 1.02999
0.986912 1.05993 0.963903
0.784891 0.948485 0.847387
0.863455 0.92606 0.848298
0.857843 0.938415 0.888765
0.841008 0.957754 0.876728
0.857843 0.952776 0.886703
0.908348 1.07757 0.933091
0.9813 1.06715 0.961048
0.84662 0.978771 0.913837
0.852231 0.973964 0.83451
0.678269 0.917178 0.788456
0.796115 0.807284 0.783107
1.00375 0.779901 0.842542
0.925184 0.90505 0.908904
0.745609 0.929821 0.878225
0.633375 0.814923 0.771745
0.695104 0.746516 0.7351
0.739998 0.835484 0.781004
0.683881 0.956732 0.822355
0.885902 0.911938 0.761246
0.5492 0.809547 0.626307
0.498695 0.669812 0.506469
0.459413 0.585062 0.454839
0.566035 0.535458 0.534344
0.633375 0.583308 0.692845
0.762444 0.72758 0.832757
0.756833 0.859263 0.95372
0.857843 0.91949 0.997063
0.779279 0.899365 0.96928
1.07109 0.828598 0.934773
0.874678 0.787804 0.858816
0.773668 0.833399 0.81988
0.801726 0.818224 0.856969
0.745609 0.867151 0.856597
0.717551 0.859638 0.749685
0.51553 0.56621 0.576935
0.341567 0.400101 0.427826
0.487471 0.426371 0.462418
0.532365 0.489248 0.583574
0.695104 0.492611 0.621029
0.509918 0.478797 0.59009
0.633375 0.572577 0.513888
0.706327 0.430001 0.44663
0.5492 0.355094 0.431125
0.470636 0.414528 0.44365
0.476248 0.37621 0.442927
0.436966 0.278978 0.451566
0.638987 0.26311 0.385802
0.392072 0.123168 0.204607
-0.0849218 -0.0692854 0.029598
0.0273121 0.0310846 0.0581046
0.229333 0.13501 0.239151
0.0609823 0.268 0.258134
-0.0119697 0.211139 0.144588
-0.0175814 0.0644374 0.00600787
-0.0400282 -0.101251 -0.135907
-0.197156 -0.36546 -0.25198
-0.191544 -0.324064 -0.283136
-0.174709 -0.187774 -0.270513
-0.236438 -0.177509 -0.298422
-0.326225 -0.339538 -0.295909
-0.303778 -0.229012 -0.211844
-0.14665 -0.073939 -0.083141
0.128323 0.00927619 0.0325041
0.128323 -0.0661491 -0.00559165
-0.281331 -0.349914 -0.186653
-0.337448 -0.438604 -0.341933
-0.44407 -0.416829 -0.384541
-0.517022 -0.419053 -0.366252
-0.421624 -0.399319 -0.307233
-0.432847 -0.354249 -0.296449
-0.477741 -0.338495 -0.290184
-0.455294 -0.303044 -0.169973
-0.118592 -0.124421 -0.000732585
-0.11298 0.0231368 0.0508022
-0.00635805 -0.117672 -0.187621
-0.735879 -0.535104 -0.597045
-0.881783 -0.92262 -0.852822
-0.702208 -0.883018 -0.876628
-0.60681 -0.798512 -0.724651
-0.522634 -0.702898 -0.583309
-0.533857 -0.619627 -0.45238
-0.281331 -0.35169 -0.350139
-0.432847 -0.349638 -0.222957
-0.0905335 -0.0784911 -0.193152
-0.44407 -0.332637 -0.413846
-0.921065 -0.732565 -0.67766
-0.954735 -0.795787 -0.71774
-0.539469 -0.640677 -0.630256
-0.808831 -0.754466 -0.730882
-1.02208 -0.919614 -0.829679
-1.0838 -0.891403 -0.751553
-0.556304 -0.671089 -0.579589
-0.601198 -0.552494 -0.372003
-0.595586 -0.280126 -0.277782
-0.618033 -0.410518 -0.4252
-0.814442 -0.626088 -0.660359
-1.12309 -0.827262 -0.713135
-0.893006 -0.72088 -0.719584
-0.814442 -0.859872 -0.767708
-0.752714 -1.01148 -0.802649
-0.999628 -0.939761 -0.809019
-0.780772 -0.907934 -0.942125
-1.09503 -1.15412 -1.12607
-1.26338 -1.2139 -1.15804
-0.921065 -1.05528 -1.0517
-1.11747 -1.01912 -0.931971
-0.719043 -0.914593 -0.853813
-1.14553 -0.887773 -0.945647
-1.33633 -0.942169 -1.08263
-0.949123 -1.08449 -1.20889
-1.15114 -1.48342 -1.30942
-1.15676 -1.46234 -1.37711
-1.21287 -1.27305 -1.29797
-1.48223 -1.16913 -1.15215
-1.26338 -0.968791 -0.998762
-0.842501 -1.02971 -0.967641
-1.08942 -1.41898 -1.08685
-1.28582 -1.46385 -1.21944
-1.03891 -1.47406 -1.2453
-0.842501 -1.44547 -1.20708
-0.561916 -1.43758 -1.25637
-1.24654 -1.46781 -1.26034
-0.808831 -1.41492 -1.07613
-0.949123 -1.24189 -1.0048
-1.00524 -1.25202 -1.11655
-1.13431 -1.27768 -1.23542
-1.28021 -1.40022 -1.37046
-1.65059 -1.57261 -1.48438
-1.69548 -1.63416 -1.58809
-1.90311 -1.65385 -1.61886
-1.72915 -1.56441 -1.57834
-1.73476 -1.4136 -1.57035
-1.85822 -1.52319 -1.59038
-1.97606 -1.69055 -1.52234
-1.77965 -1.40908 -1.36512
-1.56641 -1.14054 -1.25952
-1.47662 -1.19245 -1.21683
-1.43734 -1.28076 -1.25107
-1.52713 -1.27132 -1.28827
-1.36439 -1.12745 -1.29111
-1.5608 -1.20035 -1.27177
-1.0333 -1.35213 -1.26215
-1.11186 -1.47658 -1.27819
-1.39806 -1.45574 -1.25631
-1.42051 -1.35985 -1.19367
-1.17359 -1.36082 -1.18141
-1.53835 -1.46517 -1.32404
-1.38684 -1.49779 -1.2584
-1.21848 -1.45771 -1.17807
