0.773668 0.710606 0.77859
0.841008 0.759872 0.749365
0.784891 0.825913 0.743981
0.897125 0.84712 0.725858
0.869067 0.850328 0.803671
0.784891 0.796076 0.783715
0.599705 0.732155 0.706397
0.667045 0.807292 0.72323
0.711939 0.904172 0.758649
0.711939 1.00363 0.814964
0.885902 1.0256 0.87585
0.88029 0.991266 0.816641
0.420131 0.814086 0.674761
0.420131 0.80953 0.561389
0.487471 0.623913 0.604235
0.560423 0.548961 0.602062
0.453801 0.452338 0.469404
0.358402 0.452342 0.398691
0.28545 0.475254 0.397689
0.358402 0.367326 0.439047
0.504306 0.430616 0.529625
0.509918 0.565279 0.581434
0.31912 0.499338 0.398983
0.066594 0.209495 0.211694
0.100264 0.282837 0.228587
0.526753 0.497055 0.385697
0.386461 0.495934 0.437395
0.414519 0.3979 0.471796
0.751221 0.433426 0.563844
0.857843 0.453101 0.543189
0.358402 0.455049 0.380811
0.0273121 0.438565 0.266387
0.246168 0.302056 0.290529
0.487471 0.243394 0.40139
0.521141 0.378414 0.347779
0.100264 0.0767457 0.122371
-0.141039 -0.0674476 -0.083343
-0.0961452 -0.0627674 -0.108566
-0.0849218 -0.110816 0.00666644
-0.0175814 0.130188 -0.0605429
-0.326225 -0.235576 -0.217385
-0.337448 -0.276386 -0.259976
-0.0288048 -0.0660927 -0.115838
0.0160887 0.180415 0.0768631
0.240557 0.114672 0.104266
-0.14665 -0.187725 -0.0806918
-0.371118 -0.351715 -0.229028
-0.197156 -0.37739 -0.202749
-0.0793101 -0.236878 -0.147074
-0.275719 -0.228991 -0.146869
-0.331836 -0.111198 -0.181894
-0.208379 -0.0732146 -0.137939
-0.0512516 -0.0511321 -0.0963675
0.0329238 -0.135401 -0.0587929
0.167605 -0.292436 -0.0781798
0.0834291 -0.305006 -0.154675
-0.169097 -0.227118 -0.277807
-0.129815 -0.293005 -0.324847
-0.202767 -0.357235 -0.348712
-0.169097 -0.343207 -0.445292
-0.584363 -0.604373 -0.579335
-0.657315 -0.734965 -0.661192
-0.67415 -0.675341 -0.600673
-0.634868 -0.496458 -0.548752
-0.612421 -0.571599 -0.597011
-0.898618 -0.63166 -0.675224
-0.965958 -0.644111 -0.686336
-0.870559 -0.520655 -0.624344
-0.915453 -0.447249 -0.590571
-0.836889 -0.461911 -0.554327
-0.77516 -0.451239 -0.507283
-0.758325 -0.46852 -0.521755
-0.662927 -0.599195 -0.54117
-0.60681 -0.521063 -0.652171
-0.651703 -0.74719 -0.856469
-1.22971 -1.33265 -1.16175
-1.37561 -1.37215 -1.46335
-1.61691 -1.3256 -1.52627
-1.78527 -1.26149 -1.51406
-1.79088 -1.35498 -1.49071
-1.5608 -1.21638 -1.4808
-1.61691 -1.32082 -1.27913
-1.24093 -1.07997 -1.08762
-1.19043 -0.967328 -1.08797
-1.56641 -1.04854 -1.20923
-1.43734 -0.931993 -1.42247
-1.51029 -1.36554 -1.49908
-1.65059 -1.3673 -1.56478
-1.93678 -1.41296 -1.53681
-1.75721 -1.352 -1.36423
-1.19604 -1.15456 -1.17997
-1.23532 -0.981644 -1.09778
-1.06697 -0.808886 -1.03445
-1.11747 -1.00114 -1.06448
-1.39806 -1.11808 -1.20623
-1.25777 -1.13549 -1.30639
-1.40928 -1.21021 -1.25803
-1.49907 -1.31708 -1.3129
-1.67864 -1.33479 -1.47852
-1.64497 -1.43399 -1.53042
-1.00524 -1.49052 -1.41184
-0.977182 -1.42207 -1.30549
-1.39806 -1.41646 -1.39364
-1.70109 -1.52511 -1.53573
-1.75721 -1.52899 -1.65624
-1.88628 -1.51135 -1.7602
-1.89189 -1.62153 -1.76624
-1.78527 -1.69836 -1.79217
-1.87505 -1.75699 -1.85464
-1.94239 -1.81342 -1.84051
-1.90311 -1.859 -1.77892
-1.72354 -1.80456 -1.69489
-1.43173 -1.85193 -1.62998
-1.42051 -1.84009 -1.63218
-1.67864 -1.81024 -1.66306
-1.90311 -1.78955 -1.63616
-1.76843 -1.5458 -1.60761
-1.71231 -1.51222 -1.64579
-1.60569 -1.78636 -1.65987
-2.00973 -1.76475 -1.74699
-2.06024 -1.75168 -1.79943
-2.01535 -1.55304 -1.81499
-1.76843 -1.70314 -1.8487
-1.86944 -1.96469 -1.93991
-2.08269 -2.041 -2.00824
-1.93117 -1.99371 -1.88037
-1.98168 -1.79484 -1.76372
-1.8975 -1.61365 -1.72779
-1.93678 -1.65186 -1.71659
-1.85261 -1.57856 -1.69407
-1.79649 -1.66538 -1.72184
-1.948 -1.72611 -1.77581
-1.85822 -1.69711 -1.64835
-1.83016 -1.42183 -1.50992
-1.5159 -1.20367 -1.37504
-1.34755 -1.37343 -1.32203
-1.61691 -1.48618 -1.29598
-1.63936 -1.29671 -1.24284
-1.38684 -0.99734 -1.16819
-1.14553 -1.19057 -1.20559
-1.34755 -1.40453 -1.2967
-1.71231 -1.37216 -1.3921
-1.61691 -1.20912 -1.35488
-1.07258 -1.33828 -1.30661
-1.00524 -1.53224 -1.22236
-0.853724 -1.41631 -1.04432
-0.758325 -1.31026 -1.03178
-0.960346 -1.34398 -1.21265
-1.28021 -1.3629 -1.35443
-1.21287 -1.32791 -1.31222
-1.2746 -1.36129 -1.28754
-1.35878 -1.30564 -1.31361
-1.42051 -1.24341 -1.32948
-1.24654 -1.21455 -1.3245
-1.20165 -1.43902 -1.37794
-1.39806 -1.51082 -1.47779
-1.39806 -1.4698 -1.53916
-1.51029 -1.47388 -1.39115
-1.21848 -1.30052 -1.32834
-1.09503 -1.46392 -1.36208
-1.26338 -1.5073 -1.4478
-1.2746 -1.4469 -1.33845
-1.10064 -1.28535 -1.14346
-1.19043 -1.12883 -1.07198
-1.16798 -0.935508 -1.0841
-1.06136 -0.88354 -1.07957
-1.17359 -1.08788 -1.04313
-1.13992 -1.06158 -1.01671
-1.03891 -0.969059 -1.06287
-1.10625 -0.971144 -1.14388
-1.15114 -1.04406 -1.13253
-1.07819 -0.945606 -1.04264
-0.893006 -0.771031 -0.941139
-0.803219 -0.656229 -0.7466
-0.500187 -0.47617 -0.619946
-0.786384 -0.807111 -0.715258
-0.803219 -0.90362 -0.777251
-0.618033 -0.783679 -0.683365
-0.735879 -0.706956 -0.631503
-0.60681 -0.807092 -0.775275
-0.859336 -0.992047 -0.950205
-0.831277 -1.02225 -0.977856
-0.921065 -0.874244 -0.847358
-0.690985 -0.682865 -0.682856
-0.612421 -0.560027 -0.590364
-0.685373 -0.537345 -0.58957
-0.662927 -0.525607 -0.569235
-0.533857 -0.445137 -0.421416
-0.354283 -0.240959 -0.247383
-0.230826 -0.117991 -0.136633
-0.247661 -0.130038 -0.185771
-0.247661 -0.273097 -0.26764
-0.185932 -0.347609 -0.3367
-0.387953 -0.381438 -0.379038
-0.197156 -0.313093 -0.378164
-0.399177 -0.386189 -0.440605
-0.623645 -0.393679 -0.556247
-0.702208 -0.608747 -0.631803
-0.612421 -0.605829 -0.629454
-0.595586 -0.480113 -0.577799
-0.286943 -0.357774 -0.44899
-0.320613 -0.225832 -0.326457
-0.292555 -0.196272 -0.224521
-0.0400282 -0.0853982 -0.183172
0.010477 -0.0363155 -0.102934
0.0722057 -0.0316157 0.0107707
-0.0175814 0.221926 0.0205821
-0.0400282 0.219369 -0.0586909
-0.292555 -0.028176 -0.227048
-0.399177 -0.251198 -0.376648
-0.393565 -0.318516 -0.399664
-0.427235 -0.265817 -0.346449
-0.247661 -0.282312 -0.19995
-0.0905335 -0.100647 0.0437276
0.105876 0.338491 0.246865
0.223721 0.498727 0.341349
0.229333 0.264893 0.202605
0.0441472 0.0879513 0.00950939
-0.0119697 -0.00381437 -0.0426252
0.0217004 0.11386 0.00215667
0.0553706 0.178892 0.0799971
0.122711 0.159454 0.253257
0.352791 0.438093 0.410707
0.521141 0.674294 0.513302
0.352791 0.569742 0.386531
0.234945 0.272648 0.320955
0.448189 0.309711 0.376645
0.364014 0.294798 0.384187
0.521141 0.37159 0.519384
0.841008 0.623985 0.628926
0.448189 0.629203 0.469268
0.167605 0.479395 0.333834
0.263003 0.577748 0.343382
0.190051 0.551103 0.383334
0.375237 0.49923 0.319974
0.111488 0.412026 0.17092
0.257392 0.321546 0.159821
0.28545 0.282676 0.243354
0.425743 0.41654 0.367048
0.470636 0.537611 0.494755
0.5492 0.692269 0.524719
0.532365 0.645281 0.508086
0.48186 0.664502 0.494079
0.526753 0.570697 0.508428
0.554812 0.514569 0.560334
0.442578 0.598456 0.566384
0.560423 0.668993 0.521527
0.448189 0.681067 0.513209
0.487471 0.662992 0.553258
0.588482 0.547698 0.555706
0.661434 0.511048 0.609898
0.706327 0.643281 0.674837
0.824173 0.607867 0.701799
0.711939 0.568243 0.646694
0.779279 0.532368 0.630462
0.885902 0.690067 0.812331
1.07109 0.982046 0.946873
0.65021 0.937136 0.801322
0.5492 0.822309 0.749098
0.986912 0.935832 0.873396
0.9813 1.00341 0.885741
0.818561 0.748093 0.832232
0.902737 0.806203 0.810948
0.9813 0.847556 0.854338
0.936407 0.954862 0.995846
1.08231 1.1195 1.21461
1.39657 1.30218 1.30961
0.84662 1.31212 1.11123
0.773668 1.22358 0.943301
0.9813 0.97794 0.93691
1.05425 0.992145 0.942027
0.919572 0.994268 0.931712
0.768056 1.0778 0.895402
0.953242 1.03018 0.973584
0.930795 1.16289 1.10413
0.925184 1.1223 1.05256
0.835396 0.928298 0.906867
0.885902 0.83731 0.868679
0.975689 0.896696 0.989502
1.06548 1.03114 1.09666
1.14965 1.14797 1.13258
1.06548 0.991322 1.18479
1.00375 1.11825 1.17838
0.942019 1.24611 1.05501
0.925184 1.15786 0.994379
0.975689 1.0595 0.995315
0.84662 1.14443 1.02319
0.852231 1.22402 1.00071
0.762444 1.13489 0.941192
0.784891 1.13704 0.974369
0.953242 1.15759 1.06667
1.09353 1.25605 1.16044
1.08231 1.34903 1.18474
1.0767 1.25427 1.1794
1.15526 1.19635 1.20149
1.11037 1.22222 1.18349
1.0767 1.24516 1.10853
1.13843 1.21773 1.06431
0.9813 1.2365 1.06372
0.953242 1.27394 1.05485
1.04303 1.20039 1.03511
0.9813 1.13043 1.04426
1.07109 1.09303 1.16018
1.31239 1.27337 1.37239
1.32361 1.43291 1.5111
0.891513 1.44179 1.33945
0.975689 1.35993 1.20718
1.15526 1.29778 1.2696
1.21138 1.25534 1.25864
1.04864 1.22669 1.17388
0.986912 1.20856 1.10821
1.08792 1.32878 1.13909
1.00375 1.40521 1.21721
1.09915 1.44437 1.29647
1.24505 1.36902 1.30021
1.23383 1.21054 1.26012
1.29556 1.19509 1.23852
1.32923 1.27362 1.26869
1.24505 1.32282 1.23764
1.16087 1.20011 1.19134
1.20016 1.21748 1.19666
1.27311 1.23486 1.23953
1.21699 1.26085 1.23976
1.1721 1.23659 1.2346
1.21138 1.25356 1.28033
1.32361 1.29388 1.34894
1.37973 1.3637 1.36487
1.21138 1.39985 1.32379
1.23383 1.35924 1.30968
1.35728 1.34409 1.34654
1.37412 1.29724 1.35047
1.17771 1.25128 1.32672
1.30678 1.22751 1.27987
1.20016 1.22901 1.21876
1.20016 1.19737 1.19188
1.16649 1.24036 1.15201
1.19454 1.17412 1.18474
1.2226 1.19792 1.20511
1.19454 1.2107 1.19984
1.19454 1.22104 1.19044
1.11037 1.16985 1.1667
1.03742 1.14798 1.12323
1.02619 1.15387 1.10717
1.10476 1.21855 1.1641
1.25066 1.21954 1.20628
1.1272 1.19853 1.15416
0.975689 1.09364 1.04755
0.958854 0.99106 0.977216
1.14404 1.01875 0.998591
1.05425 1.0494 1.03007
0.986912 1.05993 0.959851
0.784891 0.948485 0.835189
0.863455 0.92606 0.840507
0.857843 0.938415 0.885821
0.841008 0.957754 0.86905
0.857843 0.952776 0.879669
0.908348 1.07757 0.923032
0.9813 1.06715 0.955341
0.84662 0.978771 0.907783
0.852231 0.973964 0.824257
0.678269 0.917178 0.779216
0.796115 0.807284 0.780002
1.00375 0.779901 0.84543
0.925184 0.90505 0.910569
0.745609 0.929821 0.876043
0.633375 0.814923 0.765192
0.695104 0.746516 0.733354
0.739998 0.835484 0.779491
0.683881 0.956732 0.819241
0.885902 0.911938 0.754521
0.5492 0.809547 0.614526
0.498695 0.669812 0.495299
0.459413 0.585062 0.443426
0.566035 0.535458 0.531874
0.633375 0.583308 0.696308
0.762444 0.72758 0.837468
0.756833 0.859263 0.959765
0.857843 0.91949 1.00129
0.779279 0.899365 0.970346
1.07109 0.828598 0.940995
0.874678 0.787804 0.86058
0.773668 0.833399 0.816472
0.801726 0.818224 0.861423
0.745609 0.867151 0.856707
0.717551 0.859638 0.748528
0.51553 0.56621 0.576475
0.341567 0.400101 0.424121
0.487471 0.426371 0.461606
0.532365 0.489248 0.588816
0.695104 0.492611 0.627498
0.509918 0.478797 0.59492
0.633375 0.572577 0.512797
0.706327 0.430001 0.443852
0.5492 0.355094 0.433251
0.470636 0.414528 0.444755
0.476248 0.37621 0.443314
0.436966 0.278978 0.458855
0.638987 0.26311 0.392737
0.392072 0.123168 0.207636
-0.0849218 -0.0692854 0.0299839
0.0273121 0.0310846 0.055817
0.229333 0.13501 0.248602
0.0609823 0.268 0.260238
-0.0119697 0.211139 0.143398
-0.0175814 0.0644374 0.00619932
-0.0400282 -0.101251 -0.135271
-0.197156 -0.36546 -0.251791
-0.191544 -0.324064 -0.282884
-0.174709 -0.187774 -0.275719
-0.236438 -0.177509 -0.307485
-0.326225 -0.339538 -0.29934
-0.303778 -0.229012 -0.212136
-0.14665 -0.073939 -0.0851145
0.128323 0.00927619 0.0354995
0.128323 -0.0661491 0.00234161
-0.281331 -0.349914 -0.181239
-0.337448 -0.438604 -0.340524
-0.44407 -0.416829 -0.383441
-0.517022 -0.419053 -0.367392
-0.421624 -0.399319 -0.302209
-0.432847 -0.354249 -0.293275
-0.477741 -0.338495 -0.28917
-0.455294 -0.303044 -0.16554
-0.118592 -0.124421 0.00944915
-0.11298 0.0231368 0.0575645
-0.00635805 -0.117672 -0.182723
-0.735879 -0.535104 -0.602723
-0.881783 -0.92262 -0.855229
-0.702208 -0.883018 -0.879589
-0.60681 -0.798512 -0.723508
-0.522634 -0.702898 -0.577229
-0.533857 -0.619627 -0.445825
-0.281331 -0.35169 -0.347392
-0.432847 -0.349638 -0.220749
-0.0905335 -0.0784911 -0.187493
-0.44407 -0.332637 -0.4132
-0.921065 -0.732565 -0.675589
-0.954735 -0.795787 -0.715228
-0.539469 -0.640677 -0.617312
-0.808831 -0.754466 -0.731664
-1.02208 -0.919614 -0.828203
-1.0838 -0.891403 -0.746777
-0.556304 -0.671089 -0.571319
-0.601198 -0.552494 -0.364411
-0.595586 -0.280126 -0.26911
-0.618033 -0.410518 -0.42221
-0.814442 -0.626088 -0.664998
-1.12309 -0.827262 -0.708794
-0.893006 -0.72088 -0.71574
-0.814442 -0.859872 -0.759838
-0.752714 -1.01148 -0.791748
-0.999628 -0.939761 -0.797562
-0.780772 -0.907934 -0.939568
-1.09503 -1.15412 -1.12816
-1.26338 -1.2139 -1.16034
-0.921065 -1.05528 -1.04683
-1.11747 -1.01912 -0.931967
-0.719043 -0.914593 -0.842932
-1.14553 -0.887773 -0.949954
-1.33633 -0.942169 -1.08972
-0.949123 -1.08449 -1.21044
-1.15114 -1.48342 -1.30538
-1.15676 -1.46234 -1.37788
-1.21287 -1.27305 -1.29696
-1.48223 -1.16913 -1.15096
-1.26338 -0.968791 -0.991603
-0.842501 -1.02971 -0.952553
-1.08942 -1.41898 -1.06993
-1.28582 -1.46385 -1.20301
-1.03891 -1.47406 -1.23302
-0.842501 -1.44547 -1.19033
-0.561916 -1.43758 -1.2462
-1.24654 -1.46781 -1.25892
-0.808831 -1.41492 -1.05467
-0.949123 -1.24189 -0.984537
-1.00524 -1.25202 -1.11296
-1.13431 -1.27768 -1.22964
-1.28021 -1.40022 -1.36615
-1.65059 -1.57261 -1.47685
-1.69548 -1.63416 -1.58215
-1.90311 -1.65385 -1.61466
-1.72915 -1.56441 -1.573
-1.73476 -1.4136 -1.57534
-1.85822 -1.52319 -1.59284
-1.97606 -1.69055 -1.51634
-1.77965 -1.40908 -1.35532
-1.56641 -1.14054 -1.25957
-1.47662 -1.19245 -1.21364
-1.43734 -1.28076 -1.24481
-1.52713 -1.27132 -1.28605
-1.36439 -1.12745 -1.29468
-1.5608 -1.20035 -1.27556
-1.0333 -1.35213 -1.25705
-1.11186 -1.47658 -1.27127
-1.39806 -1.45574 -1.24584
-1.42051 -1.35985 -1.1826
-1.17359 -1.36082 -1.16601
-1.53835 -1.46517 -1.32241
-1.38684 -1.49779 -1.24624
-1.21848 -1.45771 -1.15781
