0.773668 0.710606 0.778807
0.841008 0.759872 0.749856
0.784891 0.825913 0.744636
0.897125 0.84712 0.726651
0.869067 0.850328 0.803573
0.784891 0.796076 0.783624
0.599705 0.732155 0.70691
0.667045 0.807292 0.723704
0.711939 0.904172 0.759085
0.711939 1.00363 0.815257
0.885902 1.0256 0.87542
0.88029 0.991266 0.816452
0.420131 0.814086 0.675037
0.420131 0.80953 0.562596
0.487471 0.623913 0.603964
0.560423 0.548961 0.601185
0.453801 0.452338 0.469536
0.358402 0.452342 0.399329
0.28545 0.475254 0.39833
0.358402 0.367326 0.439038
0.504306 0.430616 0.528825
0.509918 0.565279 0.580238
0.31912 0.499338 0.399131
0.066594 0.209495 0.21252
0.100264 0.282837 0.22951
0.526753 0.497055 0.385791
0.386461 0.495934 0.437072
0.414519 0.3979 0.471282
0.751221 0.433426 0.562802
0.857843 0.453101 0.54215
0.358402 0.455049 0.381031
0.0273121 0.438565 0.267538
0.246168 0.302056 0.291042
0.487471 0.243394 0.400141
0.521141 0.378414 0.346878
0.100264 0.0767457 0.121924
-0.141039 -0.0674476 -0.0824045
-0.0961452 -0.0627674 -0.107638
-0.0849218 -0.110816 0.00549857
-0.0175814 0.130188 -0.0604594
-0.326225 -0.235576 -0.217126
-0.337448 -0.276386 -0.259281
-0.0288048 -0.0660927 -0.115436
0.0160887 0.180415 0.0759022
0.240557 0.114672 0.103011
-0.14665 -0.187725 -0.081331
-0.371118 -0.351715 -0.228847
-0.197156 -0.37739 -0.203047
-0.0793101 -0.236878 -0.147771
-0.275719 -0.228991 -0.147386
-0.331836 -0.111198 -0.18164
-0.208379 -0.0732146 -0.137988
-0.0512516 -0.0511321 -0.096844
0.0329238 -0.135401 -0.0596781
0.167605 -0.292436 -0.0791734
0.0834291 -0.305006 -0.155319
-0.169097 -0.227118 -0.277276
-0.129815 -0.293005 -0.324298
-0.202767 -0.357235 -0.348451
-0.169097 -0.343207 -0.444498
-0.584363 -0.604373 -0.578952
-0.657315 -0.734965 -0.660525
-0.67415 -0.675341 -0.60077
-0.634868 -0.496458 -0.54916
-0.612421 -0.571599 -0.597219
-0.898618 -0.63166 -0.674829
-0.965958 -0.644111 -0.685806
-0.870559 -0.520655 -0.624134
-0.915453 -0.447249 -0.590326
-0.836889 -0.461911 -0.5541
-0.77516 -0.451239 -0.507362
-0.758325 -0.46852 -0.5217
-0.662927 -0.599195 -0.541697
-0.60681 -0.521063 -0.652372
-0.651703 -0.74719 -0.856471
-1.22971 -1.33265 -1.16294
-1.37561 -1.37215 -1.46216
-1.61691 -1.3256 -1.5248
-1.78527 -1.26149 -1.51306
-1.79088 -1.35498 -1.4898
-1.5608 -1.21638 -1.47907
-1.61691 -1.32082 -1.27952
-1.24093 -1.07997 -1.08853
-1.19043 -0.967328 -1.08859
-1.56641 -1.04854 -1.20896
-1.43734 -0.931993 -1.41949
-1.51029 -1.36554 -1.49776
-1.65059 -1.3673 -1.5631
-1.93678 -1.41296 -1.53538
-1.75721 -1.352 -1.36428
-1.19604 -1.15456 -1.18035
-1.23532 -0.981644 -1.09772
-1.06697 -0.808886 -1.03454
-1.11747 -1.00114 -1.06466
-1.39806 -1.11808 -1.20534
-1.25777 -1.13549 -1.30466
-1.40928 -1.21021 -1.25752
-1.49907 -1.31708 -1.31309
-1.67864 -1.33479 -1.47746
-1.64497 -1.43399 -1.52912
-1.00524 -1.49052 -1.41189
-0.977182 -1.42207 -1.30677
-1.39806 -1.41646 -1.39412
-1.70109 -1.52511 -1.53512
-1.75721 -1.52899 -1.65463
-1.88628 -1.51135 -1.75794
-1.89189 -1.62153 -1.7651
-1.78527 -1.69836 -1.79148
-1.87505 -1.75699 -1.85356
-1.94239 -1.81342 -1.83972
-1.90311 -1.859 -1.7785
-1.72354 -1.80456 -1.69513
-1.43173 -1.85193 -1.63081
-1.42051 -1.84009 -1.63291
-1.67864 -1.81024 -1.66326
-1.90311 -1.78955 -1.6364
-1.76843 -1.5458 -1.60776
-1.71231 -1.51222 -1.64561
-1.60569 -1.78636 -1.66015
-2.00973 -1.76475 -1.74678
-2.06024 -1.75168 -1.79888
-2.01535 -1.55304 -1.81395
-1.76843 -1.70314 -1.84785
-1.86944 -1.96469 -1.93942
-2.08269 -2.041 -2.00721
-1.93117 -1.99371 -1.88066
-1.98168 -1.79484 -1.76429
-1.8975 -1.61365 -1.72777
-1.93678 -1.65186 -1.71654
-1.85261 -1.57856 -1.69414
-1.79649 -1.66538 -1.7217
-1.948 -1.72611 -1.77493
-1.85822 -1.69711 -1.64853
-1.83016 -1.42183 -1.51011
-1.5159 -1.20367 -1.3756
-1.34755 -1.37343 -1.32256
-1.61691 -1.48618 -1.29669
-1.63936 -1.29671 -1.24347
-1.38684 -0.99734 -1.16854
-1.14553 -1.19057 -1.20585
-1.34755 -1.40453 -1.29675
-1.71231 -1.37216 -1.39118
-1.61691 -1.20912 -1.3543
-1.07258 -1.33828 -1.30655
-1.00524 -1.53224 -1.22298
-0.853724 -1.41631 -1.04601
-0.758325 -1.31026 -1.03367
-0.960346 -1.34398 -1.21298
-1.28021 -1.3629 -1.35362
-1.21287 -1.32791 -1.31215
-1.2746 -1.36129 -1.28791
-1.35878 -1.30564 -1.31354
-1.42051 -1.24341 -1.32904
-1.24654 -1.21455 -1.32427
-1.20165 -1.43902 -1.37811
-1.39806 -1.51082 -1.4772
-1.39806 -1.4698 -1.53794
-1.51029 -1.47388 -1.39161
-1.21848 -1.30052 -1.32906
-1.09503 -1.46392 -1.36276
-1.26338 -1.5073 -1.4472
-1.2746 -1.4469 -1.33864
-1.10064 -1.28535 -1.1446
-1.19043 -1.12883 -1.07277
-1.16798 -0.935508 -1.08376
-1.06136 -0.88354 -1.07863
-1.17359 -1.08788 -1.04291
-1.13992 -1.06158 -1.0168
-1.03891 -0.969059 -1.0624
-1.10625 -0.971144 -1.14266
-1.15114 -1.04406 -1.13129
-1.07819 -0.945606 -1.04213
-0.893006 -0.771031 -0.940583
-0.803219 -0.656229 -0.747146
-0.500187 -0.47617 -0.621012
-0.786384 -0.807111 -0.716001
-0.803219 -0.90362 -0.77719
-0.618033 -0.783679 -0.683743
-0.735879 -0.706956 -0.632621
-0.60681 -0.807092 -0.775388
-0.859336 -0.992047 -0.949397
-0.831277 -1.02225 -0.976878
-0.921065 -0.874244 -0.847127
-0.690985 -0.682865 -0.683181
-0.612421 -0.560027 -0.590723
-0.685373 -0.537345 -0.589458
-0.662927 -0.525607 -0.568677
-0.533857 -0.445137 -0.421719
-0.354283 -0.240959 -0.24779
-0.230826 -0.117991 -0.137383
-0.247661 -0.130038 -0.18602
-0.247661 -0.273097 -0.267633
-0.185932 -0.347609 -0.336294
-0.387953 -0.381438 -0.378598
-0.197156 -0.313093 -0.37784
-0.399177 -0.386189 -0.440116
-0.623645 -0.393679 -0.555009
-0.702208 -0.608747 -0.630973
-0.612421 -0.605829 -0.628778
-0.595586 -0.480113 -0.576969
-0.286943 -0.357774 -0.448753
-0.320613 -0.225832 -0.326371
-0.292555 -0.196272 -0.225006
-0.0400282 -0.0853982 -0.18299
0.010477 -0.0363155 -0.102901
0.0722057 -0.0316157 0.0100756
-0.0175814 0.221926 0.0205832
-0.0400282 0.219369 -0.0580302
-0.292555 -0.028176 -0.225974
-0.399177 -0.251198 -0.37565
-0.393565 -0.318516 -0.398862
-0.427235 -0.265817 -0.345892
-0.247661 -0.282312 -0.200859
-0.0905335 -0.100647 0.041902
0.105876 0.338491 0.246404
0.223721 0.498727 0.340595
0.229333 0.264893 0.202243
0.0441472 0.0879513 0.0102547
-0.0119697 -0.00381437 -0.0419173
0.0217004 0.11386 0.00269572
0.0553706 0.178892 0.0799552
0.122711 0.159454 0.251718
0.352791 0.438093 0.410143
0.521141 0.674294 0.512446
0.352791 0.569742 0.386909
0.234945 0.272648 0.321103
0.448189 0.309711 0.376513
0.364014 0.294798 0.384078
0.521141 0.37159 0.518338
0.841008 0.623985 0.627849
0.448189 0.629203 0.469917
0.167605 0.479395 0.334965
0.263003 0.577748 0.344397
0.190051 0.551103 0.383479
0.375237 0.49923 0.320267
0.111488 0.412026 0.172313
0.257392 0.321546 0.160961
0.28545 0.282676 0.243727
0.425743 0.41654 0.366846
0.470636 0.537611 0.494031
0.5492 0.692269 0.524589
0.532365 0.645281 0.508181
0.48186 0.664502 0.494456
0.526753 0.570697 0.508498
0.554812 0.514569 0.559852
0.442578 0.598456 0.566204
0.560423 0.668993 0.522156
0.448189 0.681067 0.513865
0.487471 0.662992 0.553448
0.588482 0.547698 0.555698
0.661434 0.511048 0.609461
0.706327 0.643281 0.674299
0.824173 0.607867 0.700861
0.711939 0.568243 0.646444
0.779279 0.532368 0.630663
0.885902 0.690067 0.811494
1.07109 0.982046 0.945631
0.65021 0.937136 0.80176
0.5492 0.822309 0.7499
0.986912 0.935832 0.873091
0.9813 1.00341 0.885327
0.818561 0.748093 0.831885
0.902737 0.806203 0.811259
0.9813 0.847556 0.854552
0.936407 0.954862 0.995117
1.08231 1.1195 1.21296
1.39657 1.30218 1.3077
0.84662 1.31212 1.11113
0.773668 1.22358 0.944644
0.9813 0.97794 0.937364
1.05425 0.992145 0.942157
0.919572 0.994268 0.931872
0.768056 1.0778 0.896265
0.953242 1.03018 0.973832
0.930795 1.16289 1.10333
0.925184 1.1223 1.05207
0.835396 0.928298 0.907068
0.885902 0.83731 0.869187
0.975689 0.896696 0.988922
1.06548 1.03114 1.09548
1.14965 1.14797 1.13196
1.06548 0.991322 1.18334
1.00375 1.11825 1.17718
0.942019 1.24611 1.05532
0.925184 1.15786 0.994983
0.975689 1.0595 0.995776
0.84662 1.14443 1.02325
0.852231 1.22402 1.00108
0.762444 1.13489 0.941894
0.784891 1.13704 0.974951
0.953242 1.15759 1.06659
1.09353 1.25605 1.16022
1.08231 1.34903 1.18475
1.0767 1.25427 1.17939
1.15526 1.19635 1.20112
1.11037 1.22222 1.18322
1.0767 1.24516 1.10867
1.13843 1.21773 1.06482
0.9813 1.2365 1.06416
0.953242 1.27394 1.05537
1.04303 1.20039 1.0357
0.9813 1.13043 1.04482
1.07109 1.09303 1.15983
1.31239 1.27337 1.37109
1.32361 1.43291 1.50899
0.891513 1.44179 1.33945
0.975689 1.35993 1.20818
1.15526 1.29778 1.26959
1.21138 1.25534 1.25812
1.04864 1.22669 1.17368
0.986912 1.20856 1.10868
1.08792 1.32878 1.13952
1.00375 1.40521 1.21728
1.09915 1.44437 1.29602
1.24505 1.36902 1.29977
1.23383 1.21054 1.25982
1.29556 1.19509 1.2384
1.32923 1.27362 1.26833
1.24505 1.32282 1.23757
1.16087 1.20011 1.1914
1.20016 1.21748 1.19676
1.27311 1.23486 1.2392
1.21699 1.26085 1.23941
1.1721 1.23659 1.23441
1.21138 1.25356 1.28004
1.32361 1.29388 1.34815
1.37973 1.3637 1.36418
1.21138 1.39985 1.32383
1.23383 1.35924 1.30976
1.35728 1.34409 1.34624
1.37412 1.29724 1.34996
1.17771 1.25128 1.3261
1.30678 1.22751 1.27958
1.20016 1.22901 1.21887
1.20016 1.19737 1.19194
1.16649 1.24036 1.15251
1.19454 1.17412 1.18463
1.2226 1.19792 1.2048
1.19454 1.2107 1.19958
1.19454 1.22104 1.19021
1.11037 1.16985 1.16641
1.03742 1.14798 1.12325
1.02619 1.15387 1.10737
1.10476 1.21855 1.16388
1.25066 1.21954 1.20563
1.1272 1.19853 1.15381
0.975689 1.09364 1.0478
0.958854 0.99106 0.977428
1.14404 1.01875 0.998474
1.05425 1.0494 1.02961
0.986912 1.05993 0.959782
0.784891 0.948485 0.835967
0.863455 0.92606 0.84107
0.857843 0.938415 0.885867
0.841008 0.957754 0.869177
0.857843 0.952776 0.879947
0.908348 1.07757 0.923325
0.9813 1.06715 0.955237
0.84662 0.978771 0.907709
0.852231 0.973964 0.825119
0.678269 0.917178 0.78012
0.796115 0.807284 0.780298
1.00375 0.779901 0.845015
0.925184 0.90505 0.90985
0.745609 0.929821 0.875646
0.633375 0.814923 0.765607
0.695104 0.746516 0.733822
0.739998 0.835484 0.779498
0.683881 0.956732 0.818936
0.885902 0.911938 0.754531
0.5492 0.809547 0.615197
0.498695 0.669812 0.49637
0.459413 0.585062 0.444587
0.566035 0.535458 0.532017
0.633375 0.583308 0.695134
0.762444 0.72758 0.836461
0.756833 0.859263 0.958873
0.857843 0.91949 1.00038
0.779279 0.899365 0.969707
1.07109 0.828598 0.940305
0.874678 0.787804 0.860483
0.773668 0.833399 0.816769
0.801726 0.818224 0.861087
0.745609 0.867151 0.856141
0.717551 0.859638 0.748619
0.51553 0.56621 0.576446
0.341567 0.400101 0.424801
0.487471 0.426371 0.461944
0.532365 0.489248 0.587956
0.695104 0.492611 0.626394
0.509918 0.478797 0.594101
0.633375 0.572577 0.512997
0.706327 0.430001 0.444031
0.5492 0.355094 0.433154
0.470636 0.414528 0.444601
0.476248 0.37621 0.44305
0.436966 0.278978 0.457933
0.638987 0.26311 0.392006
0.392072 0.123168 0.207469
-0.0849218 -0.0692854 0.0306676
0.0273121 0.0310846 0.0564932
0.229333 0.13501 0.247569
0.0609823 0.268 0.259315
-0.0119697 0.211139 0.143292
-0.0175814 0.0644374 0.00685377
-0.0400282 -0.101251 -0.134702
-0.197156 -0.36546 -0.25164
-0.191544 -0.324064 -0.282564
-0.174709 -0.187774 -0.275338
-0.236438 -0.177509 -0.306786
-0.326225 -0.339538 -0.299027
-0.303778 -0.229012 -0.212194
-0.14665 -0.073939 -0.0854029
0.128323 0.00927619 0.0345877
0.128323 -0.0661491 0.00140212
-0.281331 -0.349914 -0.181972
-0.337448 -0.438604 -0.340455
-0.44407 -0.416829 -0.383
-0.517022 -0.419053 -0.367233
-0.421624 -0.399319 -0.302733
-0.432847 -0.354249 -0.293616
-0.477741 -0.338495 -0.289238
-0.455294 -0.303044 -0.166388
-0.118592 -0.124421 0.00818775
-0.11298 0.0231368 0.0561433
-0.00635805 -0.117672 -0.18251
-0.735879 -0.535104 -0.601303
-0.881783 -0.92262 -0.854259
-0.702208 -0.883018 -0.878341
-0.60681 -0.798512 -0.723538
-0.522634 -0.702898 -0.578183
-0.533857 -0.619627 -0.447214
-0.281331 -0.35169 -0.347822
-0.432847 -0.349638 -0.222159
-0.0905335 -0.0784911 -0.188553
-0.44407 -0.332637 -0.413066
-0.921065 -0.732565 -0.675021
-0.954735 -0.795787 -0.714898
-0.539469 -0.640677 -0.618063
-0.808831 -0.754466 -0.731878
-1.02208 -0.919614 -0.827749
-1.0838 -0.891403 -0.746866
-0.556304 -0.671089 -0.571866
-0.601198 -0.552494 -0.366186
-0.595586 -0.280126 -0.27066
-0.618033 -0.410518 -0.422704
-0.814442 -0.626088 -0.663918
-1.12309 -0.827262 -0.708287
-0.893006 -0.72088 -0.71554
-0.814442 -0.859872 -0.76015
-0.752714 -1.01148 -0.792311
-0.999628 -0.939761 -0.798225
-0.780772 -0.907934 -0.939217
-1.09503 -1.15412 -1.12715
-1.26338 -1.2139 -1.15938
-0.921065 -1.05528 -1.04633
-1.11747 -1.01912 -0.932607
-0.719043 -0.914593 -0.843951
-1.14553 -0.887773 -0.949682
-1.33633 -0.942169 -1.08847
-0.949123 -1.08449 -1.20916
-1.15114 -1.48342 -1.30549
-1.15676 -1.46234 -1.37722
-1.21287 -1.27305 -1.29648
-1.48223 -1.16913 -1.15133
-1.26338 -0.968791 -0.992661
-0.842501 -1.02971 -0.954037
-1.08942 -1.41898 -1.07164
-1.28582 -1.46385 -1.20361
-1.03891 -1.47406 -1.23342
-0.842501 -1.44547 -1.19137
-0.561916 -1.43758 -1.24643
-1.24654 -1.46781 -1.25879
-0.808831 -1.41492 -1.05619
-0.949123 -1.24189 -0.986333
-1.00524 -1.25202 -1.11358
-1.13431 -1.27768 -1.22928
-1.28021 -1.40022 -1.36562
-1.65059 -1.57261 -1.47714
-1.69548 -1.63416 -1.58192
-1.90311 -1.65385 -1.61432
-1.72915 -1.56441 -1.573
-1.73476 -1.4136 -1.57491
-1.85822 -1.52319 -1.5922
-1.97606 -1.69055 -1.5166
-1.77965 -1.40908 -1.35592
-1.56641 -1.14054 -1.25979
-1.47662 -1.19245 -1.21418
-1.43734 -1.28076 -1.24506
-1.52713 -1.27132 -1.28585
-1.36439 -1.12745 -1.29393
-1.5608 -1.20035 -1.27519
-1.0333 -1.35213 -1.25718
-1.11186 -1.47658 -1.2714
-1.39806 -1.45574 -1.24617
-1.42051 -1.35985 -1.18335
-1.17359 -1.36082 -1.167
-1.53835 -1.46517 -1.32212
-1.38684 -1.49779 -1.24666
-1.21848 -1.45771 -1.15878
