0.773668 0.710606 0.780403
0.841008 0.759872 0.750883
0.784891 0.825913 0.745287
0.897125 0.84712 0.728781
0.869067 0.850328 0.803846
0.784891 0.796076 0.783108
0.599705 0.732155 0.708639
0.667045 0.807292 0.722963
0.711939 0.904172 0.759965
0.711939 1.00363 0.815708
0.885902 1.0256 0.875771
0.88029 0.991266 0.815645
0.420131 0.814086 0.676407
0.420131 0.80953 0.56214
0.487471 0.623913 0.604462
0.560423 0.548961 0.599947
0.453801 0.452338 0.470962
0.358402 0.452342 0.399318
0.28545 0.475254 0.397537
0.358402 0.367326 0.439791
0.504306 0.430616 0.530265
0.509918 0.565279 0.578588
0.31912 0.499338 0.398674
0.066594 0.209495 0.214628
0.100264 0.282837 0.230361
0.526753 0.497055 0.383673
0.386461 0.495934 0.438555
0.414519 0.3979 0.473778
0.751221 0.433426 0.561834
0.857843 0.453101 0.541666
0.358402 0.455049 0.382032
0.0273121 0.438565 0.267321
0.246168 0.302056 0.290908
0.487471 0.243394 0.401005
0.521141 0.378414 0.344171
0.100264 0.0767457 0.12482
-0.141039 -0.0674476 -0.0819558
-0.0961452 -0.0627674 -0.108432
-0.0849218 -0.110816 0.00773652
-0.0175814 0.130188 -0.0633312
-0.326225 -0.235576 -0.212822
-0.337448 -0.276386 -0.257484
-0.0288048 -0.0660927 -0.115141
0.0160887 0.180415 0.0776173
0.240557 0.114672 0.101634
-0.14665 -0.187725 -0.0787278
-0.371118 -0.351715 -0.227807
-0.197156 -0.37739 -0.202896
-0.0793101 -0.236878 -0.14748
-0.275719 -0.228991 -0.146565
-0.331836 -0.111198 -0.179842
-0.208379 -0.0732146 -0.138272
-0.0512516 -0.0511321 -0.0952972
0.0329238 -0.135401 -0.0595304
0.167605 -0.292436 -0.0783352
0.0834291 -0.305006 -0.155097
-0.169097 -0.227118 -0.276498
-0.129815 -0.293005 -0.324545
-0.202767 -0.357235 -0.348062
-0.169097 -0.343207 -0.446673
-0.584363 -0.604373 -0.576443
-0.657315 -0.734965 -0.659846
-0.67415 -0.675341 -0.599721
-0.634868 -0.496458 -0.549549
-0.612421 -0.571599 -0.595438
-0.898618 -0.63166 -0.674047
-0.965958 -0.644111 -0.684256
-0.870559 -0.520655 -0.624136
-0.915453 -0.447249 -0.588822
-0.836889 -0.461911 -0.552499
-0.77516 -0.451239 -0.507008
-0.758325 -0.46852 -0.520545
-0.662927 -0.599195 -0.541682
-0.60681 -0.521063 -0.651297
-0.651703 -0.74719 -0.860588
-1.22971 -1.33265 -1.15652
-1.37561 -1.37215 -1.46028
-1.61691 -1.3256 -1.52483
-1.78527 -1.26149 -1.51178
-1.79088 -1.35498 -1.4887
-1.5608 -1.21638 -1.47776
-1.61691 -1.32082 -1.2746
-1.24093 -1.07997 -1.0892
-1.19043 -0.967328 -1.08637
-1.56641 -1.04854 -1.20646
-1.43734 -0.931993 -1.422
-1.51029 -1.36554 -1.49404
-1.65059 -1.3673 -1.56289
-1.93678 -1.41296 -1.53306
-1.75721 -1.352 -1.3604
-1.19604 -1.15456 -1.17982
-1.23532 -0.981644 -1.09441
-1.06697 -0.808886 -1.03358
-1.11747 -1.00114 -1.06304
-1.39806 -1.11808 -1.20435
-1.25777 -1.13549 -1.3025
-1.40928 -1.21021 -1.25924
-1.49907 -1.31708 -1.31146
-1.67864 -1.33479 -1.47625
-1.64497 -1.43399 -1.52769
-1.00524 -1.49052 -1.41128
-0.977182 -1.42207 -1.3068
-1.39806 -1.41646 -1.39256
-1.70109 -1.52511 -1.53413
-1.75721 -1.52899 -1.65523
-1.88628 -1.51135 -1.7572
-1.89189 -1.62153 -1.76395
-1.78527 -1.69836 -1.79082
-1.87505 -1.75699 -1.85165
-1.94239 -1.81342 -1.83825
-1.90311 -1.859 -1.77718
-1.72354 -1.80456 -1.69366
-1.43173 -1.85193 -1.62995
-1.42051 -1.84009 -1.63178
-1.67864 -1.81024 -1.6618
-1.90311 -1.78955 -1.63465
-1.76843 -1.5458 -1.60794
-1.71231 -1.51222 -1.64293
-1.60569 -1.78636 -1.66011
-2.00973 -1.76475 -1.74547
-2.06024 -1.75168 -1.79735
-2.01535 -1.55304 -1.81355
-1.76843 -1.70314 -1.84766
-1.86944 -1.96469 -1.93757
-2.08269 -2.041 -2.00502
-1.93117 -1.99371 -1.87937
-1.98168 -1.79484 -1.76247
-1.8975 -1.61365 -1.72672
-1.93678 -1.65186 -1.71369
-1.85261 -1.57856 -1.69333
-1.79649 -1.66538 -1.72124
-1.948 -1.72611 -1.77184
-1.85822 -1.69711 -1.6468
-1.83016 -1.42183 -1.5079
-1.5159 -1.20367 -1.37372
-1.34755 -1.37343 -1.32036
-1.61691 -1.48618 -1.29489
-1.63936 -1.29671 -1.24037
-1.38684 -0.99734 -1.16955
-1.14553 -1.19057 -1.20321
-1.34755 -1.40453 -1.29613
-1.71231 -1.37216 -1.38908
-1.61691 -1.20912 -1.35443
-1.07258 -1.33828 -1.30602
-1.00524 -1.53224 -1.21902
-0.853724 -1.41631 -1.04705
-0.758325 -1.31026 -1.0323
-0.960346 -1.34398 -1.21199
-1.28021 -1.3629 -1.35136
-1.21287 -1.32791 -1.31309
-1.2746 -1.36129 -1.28654
-1.35878 -1.30564 -1.31256
-1.42051 -1.24341 -1.32717
-1.24654 -1.21455 -1.32512
-1.20165 -1.43902 -1.37567
-1.39806 -1.51082 -1.47804
-1.39806 -1.4698 -1.53509
-1.51029 -1.47388 -1.39156
-1.21848 -1.30052 -1.32772
-1.09503 -1.46392 -1.3611
-1.26338 -1.5073 -1.44503
-1.2746 -1.4469 -1.33584
-1.10064 -1.28535 -1.14402
-1.19043 -1.12883 -1.07072
-1.16798 -0.935508 -1.08122
-1.06136 -0.88354 -1.07828
-1.17359 -1.08788 -1.04066
-1.13992 -1.06158 -1.01605
-1.03891 -0.969059 -1.06194
-1.10625 -0.971144 -1.14048
-1.15114 -1.04406 -1.13079
-1.07819 -0.945606 -1.0401
-0.893006 -0.771031 -0.938123
-0.803219 -0.656229 -0.742787
-0.500187 -0.47617 -0.623085
-0.786384 -0.807111 -0.712078
-0.803219 -0.90362 -0.775837
-0.618033 -0.783679 -0.684023
-0.735879 -0.706956 -0.632385
-0.60681 -0.807092 -0.775125
-0.859336 -0.992047 -0.947841
-0.831277 -1.02225 -0.976095
-0.921065 -0.874244 -0.845888
-0.690985 -0.682865 -0.682057
-0.612421 -0.560027 -0.590185
-0.685373 -0.537345 -0.587513
-0.662927 -0.525607 -0.566992
-0.533857 -0.445137 -0.418857
-0.354283 -0.240959 -0.246979
-0.230826 -0.117991 -0.137004
-0.247661 -0.130038 -0.18465
-0.247661 -0.273097 -0.266133
-0.185932 -0.347609 -0.337042
-0.387953 -0.381438 -0.37655
-0.197156 -0.313093 -0.379046
-0.399177 -0.386189 -0.43884
-0.623645 -0.393679 -0.556482
-0.702208 -0.608747 -0.629019
-0.612421 -0.605829 -0.628662
-0.595586 -0.480113 -0.575726
-0.286943 -0.357774 -0.44734
-0.320613 -0.225832 -0.326059
-0.292555 -0.196272 -0.223127
-0.0400282 -0.0853982 -0.181846
0.010477 -0.0363155 -0.100959
0.0722057 -0.0316157 0.0114016
-0.0175814 0.221926 0.0216078
-0.0400282 0.219369 -0.0583553
-0.292555 -0.028176 -0.226112
-0.399177 -0.251198 -0.373392
-0.393565 -0.318516 -0.398247
-0.427235 -0.265817 -0.345627
-0.247661 -0.282312 -0.196449
-0.0905335 -0.100647 0.046597
0.105876 0.338491 0.246199
0.223721 0.498727 0.34029
0.229333 0.264893 0.204607
0.0441472 0.0879513 0.0112181
-0.0119697 -0.00381437 -0.040897
0.0217004 0.11386 0.00208532
0.0553706 0.178892 0.0820291
0.122711 0.159454 0.256736
0.352791 0.438093 0.410491
0.521141 0.674294 0.512279
0.352791 0.569742 0.387539
0.234945 0.272648 0.324943
0.448189 0.309711 0.373272
0.364014 0.294798 0.387435
0.521141 0.37159 0.521205
0.841008 0.623985 0.625633
0.448189 0.629203 0.470732
0.167605 0.479395 0.337142
0.263003 0.577748 0.342744
0.190051 0.551103 0.384158
0.375237 0.49923 0.319837
0.111488 0.412026 0.174696
0.257392 0.321546 0.160911
0.28545 0.282676 0.244692
0.425743 0.41654 0.3679
0.470636 0.537611 0.495441
0.5492 0.692269 0.524789
0.532365 0.645281 0.510165
0.48186 0.664502 0.494067
0.526753 0.570697 0.509579
0.554812 0.514569 0.559963
0.442578 0.598456 0.56669
0.560423 0.668993 0.522452
0.448189 0.681067 0.515644
0.487471 0.662992 0.552361
0.588482 0.547698 0.557184
0.661434 0.511048 0.610207
0.706327 0.643281 0.67393
0.824173 0.607867 0.701887
0.711939 0.568243 0.646198
0.779279 0.532368 0.633388
0.885902 0.690067 0.813191
1.07109 0.982046 0.943246
0.65021 0.937136 0.804138
0.5492 0.822309 0.7518
0.986912 0.935832 0.871482
0.9813 1.00341 0.88536
0.818561 0.748093 0.834374
0.902737 0.806203 0.810689
0.9813 0.847556 0.855709
0.936407 0.954862 0.998192
1.08231 1.1195 1.2148
1.39657 1.30218 1.30545
0.84662 1.31212 1.11422
0.773668 1.22358 0.944092
0.9813 0.97794 0.937625
1.05425 0.992145 0.942129
0.919572 0.994268 0.932164
0.768056 1.0778 0.896895
0.953242 1.03018 0.975747
0.930795 1.16289 1.10188
0.925184 1.1223 1.05196
0.835396 0.928298 0.908525
0.885902 0.83731 0.869737
0.975689 0.896696 0.988369
1.06548 1.03114 1.09696
1.14965 1.14797 1.13169
1.06548 0.991322 1.18532
1.00375 1.11825 1.17575
0.942019 1.24611 1.05605
0.925184 1.15786 0.994985
0.975689 1.0595 0.995704
0.84662 1.14443 1.02408
0.852231 1.22402 1.00002
0.762444 1.13489 0.944216
0.784891 1.13704 0.974232
0.953242 1.15759 1.06841
1.09353 1.25605 1.16008
1.08231 1.34903 1.1852
1.0767 1.25427 1.18066
1.15526 1.19635 1.20123
1.11037 1.22222 1.18229
1.0767 1.24516 1.10986
1.13843 1.21773 1.06472
0.9813 1.2365 1.06429
0.953242 1.27394 1.05535
1.04303 1.20039 1.03647
0.9813 1.13043 1.04516
1.07109 1.09303 1.16217
1.31239 1.27337 1.37182
1.32361 1.43291 1.5073
0.891513 1.44179 1.33997
0.975689 1.35993 1.21027
1.15526 1.29778 1.26686
1.21138 1.25534 1.2584
1.04864 1.22669 1.17401
0.986912 1.20856 1.1092
1.08792 1.32878 1.13918
1.00375 1.40521 1.21798
1.09915 1.44437 1.2962
1.24505 1.36902 1.30019
1.23383 1.21054 1.26006
1.29556 1.19509 1.23907
1.32923 1.27362 1.2676
1.24505 1.32282 1.23738
1.16087 1.20011 1.19232
1.20016 1.21748 1.19666
1.27311 1.23486 1.23894
1.21699 1.26085 1.23985
1.1721 1.23659 1.23527
1.21138 1.25356 1.27994
1.32361 1.29388 1.34828
1.37973 1.3637 1.36473
1.21138 1.39985 1.32367
1.23383 1.35924 1.3109
1.35728 1.34409 1.3453
1.37412 1.29724 1.35007
1.17771 1.25128 1.32664
1.30678 1.22751 1.27895
1.20016 1.22901 1.21922
1.20016 1.19737 1.19129
1.16649 1.24036 1.15304
1.19454 1.17412 1.18458
1.2226 1.19792 1.20467
1.19454 1.2107 1.20019
1.19454 1.22104 1.19019
1.11037 1.16985 1.16673
1.03742 1.14798 1.123
1.02619 1.15387 1.10818
1.10476 1.21855 1.16381
1.25066 1.21954 1.20556
1.1272 1.19853 1.154
0.975689 1.09364 1.04699
0.958854 0.99106 0.978498
1.14404 1.01875 0.998171
1.05425 1.0494 1.02939
0.986912 1.05993 0.959122
0.784891 0.948485 0.837981
0.863455 0.92606 0.840983
0.857843 0.938415 0.885023
0.841008 0.957754 0.870592
0.857843 0.952776 0.880565
0.908348 1.07757 0.9239
0.9813 1.06715 0.954816
0.84662 0.978771 0.909127
0.852231 0.973964 0.824532
0.678269 0.917178 0.779542
0.796115 0.807284 0.780798
1.00375 0.779901 0.845618
0.925184 0.90505 0.909683
0.745609 0.929821 0.875607
0.633375 0.814923 0.766568
0.695104 0.746516 0.733515
0.739998 0.835484 0.779815
0.683881 0.956732 0.818589
0.885902 0.911938 0.754828
0.5492 0.809547 0.615905
0.498695 0.669812 0.496325
0.459413 0.585062 0.445348
0.566035 0.535458 0.532689
0.633375 0.583308 0.697244
0.762444 0.72758 0.837624
0.756833 0.859263 0.958306
0.857843 0.91949 1.00049
0.779279 0.899365 0.970892
1.07109 0.828598 0.939646
0.874678 0.787804 0.860597
0.773668 0.833399 0.817258
0.801726 0.818224 0.860128
0.745609 0.867151 0.85672
0.717551 0.859638 0.746692
0.51553 0.56621 0.577252
0.341567 0.400101 0.426149
0.487471 0.426371 0.461908
0.532365 0.489248 0.588044
0.695104 0.492611 0.626973
0.509918 0.478797 0.595369
0.633375 0.572577 0.511754
0.706327 0.430001 0.445241
0.5492 0.355094 0.433462
0.470636 0.414528 0.444362
0.476248 0.37621 0.44379
0.436966 0.278978 0.458648
0.638987 0.26311 0.39083
0.392072 0.123168 0.20758
-0.0849218 -0.0692854 0.03199
0.0273121 0.0310846 0.0573725
0.229333 0.13501 0.2465
0.0609823 0.268 0.260087
-0.0119697 0.211139 0.144341
-0.0175814 0.0644374 0.00537607
-0.0400282 -0.101251 -0.135812
-0.197156 -0.36546 -0.24935
-0.191544 -0.324064 -0.282477
-0.174709 -0.187774 -0.275017
-0.236438 -0.177509 -0.306276
-0.326225 -0.339538 -0.296874
-0.303778 -0.229012 -0.211141
-0.14665 -0.073939 -0.0837466
0.128323 0.00927619 0.0351345
0.128323 -0.0661491 0.000352217
-0.281331 -0.349914 -0.17944
-0.337448 -0.438604 -0.338686
-0.44407 -0.416829 -0.383598
-0.517022 -0.419053 -0.365622
-0.421624 -0.399319 -0.302393
-0.432847 -0.354249 -0.292715
-0.477741 -0.338495 -0.287645
-0.455294 -0.303044 -0.163221
-0.118592 -0.124421 0.00810161
-0.11298 0.0231368 0.0564918
-0.00635805 -0.117672 -0.186192
-0.735879 -0.535104 -0.600815
-0.881783 -0.92262 -0.851303
-0.702208 -0.883018 -0.878463
-0.60681 -0.798512 -0.722687
-0.522634 -0.702898 -0.57646
-0.533857 -0.619627 -0.443066
-0.281331 -0.35169 -0.348487
-0.432847 -0.349638 -0.216862
-0.0905335 -0.0784911 -0.191046
-0.44407 -0.332637 -0.412987
-0.921065 -0.732565 -0.672793
-0.954735 -0.795787 -0.712611
-0.539469 -0.640677 -0.62151
-0.808831 -0.754466 -0.728811
-1.02208 -0.919614 -0.82653
-1.0838 -0.891403 -0.744769
-0.556304 -0.671089 -0.571917
-0.601198 -0.552494 -0.361771
-0.595586 -0.280126 -0.272023
-0.618033 -0.410518 -0.421502
-0.814442 -0.626088 -0.662625
-1.12309 -0.827262 -0.708208
-0.893006 -0.72088 -0.716926
-0.814442 -0.859872 -0.759046
-0.752714 -1.01148 -0.790732
-0.999628 -0.939761 -0.79899
-0.780772 -0.907934 -0.940322
-1.09503 -1.15412 -1.12562
-1.26338 -1.2139 -1.15735
-0.921065 -1.05528 -1.04868
-1.11747 -1.01912 -0.92805
-0.719043 -0.914593 -0.845253
-1.14553 -0.887773 -0.947827
-1.33633 -0.942169 -1.08856
-0.949123 -1.08449 -1.21113
-1.15114 -1.48342 -1.30264
-1.15676 -1.46234 -1.37537
-1.21287 -1.27305 -1.29618
-1.48223 -1.16913 -1.14837
-1.26338 -0.968791 -0.991307
-0.842501 -1.02971 -0.954635
-1.08942 -1.41898 -1.06774
-1.28582 -1.46385 -1.20324
-1.03891 -1.47406 -1.23201
-0.842501 -1.44547 -1.19141
-0.561916 -1.43758 -1.2463
-1.24654 -1.46781 -1.25471
-0.808831 -1.41492 -1.05651
-0.949123 -1.24189 -0.986815
-1.00524 -1.25202 -1.10988
-1.13431 -1.27768 -1.23083
-1.28021 -1.40022 -1.36569
-1.65059 -1.57261 -1.47518
-1.69548 -1.63416 -1.58122
-1.90311 -1.65385 -1.61277
-1.72915 -1.56441 -1.57234
-1.73476 -1.4136 -1.57355
-1.85822 -1.52319 -1.59108
-1.97606 -1.69055 -1.51284
-1.77965 -1.40908 -1.35574
-1.56641 -1.14054 -1.25829
-1.47662 -1.19245 -1.21259
-1.43734 -1.28076 -1.24407
-1.52713 -1.27132 -1.28397
-1.36439 -1.12745 -1.294
-1.5608 -1.20035 -1.27333
-1.0333 -1.35213 -1.25671
-1.11186 -1.47658 -1.26995
-1.39806 -1.45574 -1.24527
-1.42051 -1.35985 -1.18256
-1.17359 -1.36082 -1.16722
-1.53835 -1.46517 -1.31853
-1.38684 -1.49779 -1.24542
-1.21848 -1.45771 -1.15891
