-0.70726 -0.492755 -0.495111 -0.499819
-0.896498 -0.864142 -0.862101 -0.870081
1.84966 1.90429 1.84165 1.52253
-0.522108 -0.636479 -0.556313 -0.334148
1.15988 1.1676 1.12929 0.874976
-0.326456 -0.39482 -0.197712 0.850197
0.0506817 0.112668 0.0933196 0.20803
-0.747806 -0.819257 -0.785126 -0.457812
0.730706 0.715564 0.689051 0.558281
-0.401518 -0.517589 -0.399458 -0.0337079
0.0667474 0.156276 0.149296 0.382821
-0.745935 -0.804732 -0.784132 -0.577797
0.73738 0.755631 0.738553 0.6467
-0.396236 -0.526715 -0.40393 0.00874071
1.46255 1.53308 1.48423 1.03902
-0.633557 -0.73345 -0.677818 -0.352522
-0.709339 -0.492718 -0.49346 -0.237428
-0.894435 -0.857199 -0.857686 -0.61005
1.84156 1.96261 1.90384 1.00297
-0.525616 -0.657485 -0.573244 -0.114734
1.15189 1.151 1.1105 0.537152
-0.337207 -0.460123 -0.285324 0.562104
1.1028 1.13652 1.10459 0.832229
-0.34362 -0.450294 -0.305 0.374286
0.0365745 0.116453 0.106534 0.342967
-0.753743 -0.851105 -0.834108 -0.671824
0.717117 0.657958 0.635918 0.34189
-0.410872 -0.588672 -0.471761 -0.12179
1.43642 1.37642 1.33638 0.62056
-0.64424 -0.775929 -0.729295 -0.522135
-0.714342 -0.521095 -0.528413 -0.384058
-0.894734 -0.909269 -0.916074 -0.854975
1.80825 1.74882 1.69296 0.468909
-0.535163 -0.688403 -0.607977 -0.381233
1.7755 1.687 1.63118 0.368492
-0.544182 -0.702269 -0.617675 -0.384179
1.11848 1.05564 1.01926 0.17419
-0.353143 -0.506651 -0.35306 0.245464
-0.731405 -0.555336 -0.563072 -0.260818
-0.899161 -0.910115 -0.918719 -0.815315
0.10634 0.121073 0.104251 -0.204602
-0.743486 -0.851212 -0.839303 -0.874718
0.725439 0.674507 0.648466 -0.0449483
-0.411101 -0.568017 -0.453158 -0.0844583
1.43976 1.35787 1.31876 0.389404
-0.642208 -0.785192 -0.74022 -0.635133
-0.71499 -0.529091 -0.535134 -0.379284
-0.894463 -0.908268 -0.916947 -0.803376
1.81927 1.76866 1.71876 0.322119
-0.537199 -0.682533 -0.603022 -0.342833
1.14697 1.05342 1.02202 0.140695
-0.350837 -0.504009 -0.356422 0.0909429
0.045063 0.0547919 0.0401456 -0.158781
-0.752115 -0.854576 -0.841004 -0.802611
0.727182 0.674972 0.648731 -0.187148
-0.416189 -0.584375 -0.472792 -0.280285
1.46282 1.39214 1.34989 0.139765
-0.644445 -0.783658 -0.738056 -0.624401
0.0784749 0.0935436 0.0816835 -0.239986
-0.746464 -0.859483 -0.845053 -0.818464
0.746702 0.682962 0.662321 -0.0595755
-0.412646 -0.569791 -0.457122 -0.222323
1.4895 1.40977 1.37126 0.151063
-0.64337 -0.785778 -0.743007 -0.638955
-0.709355 -0.545978 -0.553164 -0.479485
-0.89577 -0.9085 -0.917668 -0.770794
1.85303 1.8204 1.77507 0.154844
-0.539556 -0.68964 -0.611524 -0.42816
1.16604 1.07725 1.04761 -0.0122757
-0.356113 -0.511298 -0.3586 0.0501348
-1.07119 -0.587814 -0.612401 -0.310414
0.762536 0.468849 0.413652 -0.0551161
1.12378 1.04236 0.986106 0.189348
9.2796 10.6964 9.99873 -2.33563
0.332626 0.32472 0.288249 -1.10874
9.20862 11.4997 10.7434 -2.30696
-0.316464 -0.29665 -0.315406 -1.24945
1.95631 1.54475 1.42534 -0.413489
0.231516 0.0622375 0.0390867 -0.685599
2.90015 3.33028 3.12395 0.441748
0.978358 0.614692 0.592358 0.0415206
1.5031 1.23695 1.13373 0.108065
0.670334 0.357658 0.341327 -0.155533
2.22896 2.25743 2.10289 1.07964
-0.161097 -0.228771 -0.242807 -0.480934
0.481699 0.215193 0.160743 -0.388082
0.310823 0.0833603 0.0674102 -0.473474
3.447 3.09343 2.88809 0.746023
0.814853 0.491055 0.458345 -0.243254
2.83936 2.53586 2.36948 0.205231
-0.982257 -0.705328 -0.717175 -0.815763
-0.416755 -0.457144 -0.478979 -0.814734
1.00564 0.683249 0.652534 -0.303822
3.71891 3.68511 3.44644 0.0267911
-0.253831 -0.285366 -0.300156 -0.596504
1.20491 0.928046 0.839644 -0.338592
0.2082 0.0517668 0.0363492 -0.462468
2.99258 3.14347 2.93828 0.435847
0.848102 0.517003 0.49843 -0.107714
1.45492 1.23345 1.13686 0.103211
-0.935704 -0.713606 -0.72819 -0.735331
-0.691897 -0.697001 -0.71868 -0.852574
1.11199 0.745611 0.719084 -0.131113
1.90542 1.74344 1.61048 0.31003
0.591238 0.279304 0.261056 -0.200708
2.05234 2.04935 1.89726 0.588412
-0.927047 -0.717473 -0.732149 -0.576616
-0.768167 -0.781287 -0.804655 -0.759417
-0.130021 -0.225615 -0.238759 -0.430933
0.439007 0.200563 0.145865 -0.330436
0.311794 0.0682705 0.0534812 -0.287891
1.71508 1.70321 1.57802 0.432838
0.929151 0.544515 0.529854 0.00793869
0.982134 0.701091 0.62758 -0.0221081
1.09171 0.679891 0.664122 -0.00896687
1.44622 1.22677 1.12445 0.202779
0.609122 0.282232 0.267791 -0.12889
1.97745 1.91282 1.77352 0.498235
0.873211 0.495567 0.481115 -0.00570773
0.792559 0.543781 0.471598 -0.102211
-0.911631 -0.708355 -0.724872 -0.533436
-0.776332 -0.786091 -0.807543 -0.658654
1.15657 0.713136 0.697881 0.0236569
1.44029 1.26362 1.16054 0.180265
0.623016 0.289187 0.277781 -0.100062
1.57904 1.53227 1.41165 0.3794
-0.14195 -0.25279 -0.267182 -0.28865
0.0368318 -0.169539 -0.209859 -0.373711
0.329051 0.0704703 0.0557454 -0.22304
1.46023 1.36101 1.25034 0.220015
-0.126921 -0.224329 -0.234387 -0.247088
0.0601934 -0.137953 -0.178028 -0.362898
0.352213 0.0984667 0.0847078 -0.191514
1.35763 1.30714 1.2012 0.196339
0.952571 0.591333 0.577373 0.00666799
0.548289 0.388165 0.321905 -0.195289
-0.898415 -0.671063 -0.680399 -0.396232
-0.837151 -0.809801 -0.827053 -0.56447
1.21581 0.838179 0.83118 0.0913286
0.901549 0.879387 0.786069 -0.0142947
0.680889 0.423426 0.417835 0.00275413
1.4512 1.48094 1.36549 0.0824073
0.668538 0.436591 0.435421 0.0229929
1.21177 1.32849 1.21687 0.194027
-0.112495 -0.146801 -0.14691 -0.146226
-0.144238 -0.242904 -0.269083 -0.339876
0.373013 0.187723 0.183376 -0.118518
1.05679 1.01552 0.926603 0.101393
0.968656 0.658201 0.65321 0.0824014
0.467344 0.379022 0.330372 -0.180406
-0.898305 -0.637223 -0.633412 -0.297818
-0.838167 -0.770453 -0.779208 -0.510715
1.21844 0.904482 0.900331 0.105057
0.925712 0.858532 0.784621 0.0380416
1.16221 0.772802 0.761015 0.0700043
0.847753 0.772161 0.689064 -0.101501
0.65899 0.434278 0.439252 0.046589
1.33595 1.40054 1.28748 0.0884921
-0.901706 -0.65002 -0.649266 -0.330751
-0.86982 -0.776904 -0.783884 -0.511659
-0.0508189 -0.110736 -0.105479 -0.175064
-0.0352096 -0.119296 -0.147211 -0.348856
0.39115 0.204754 0.20524 -0.108681
0.847506 0.890419 0.806867 -0.0176897
1.00696 0.730999 0.7281 0.0618582
0.240268 0.1368 0.0886446 -0.303358
-0.883233 -0.612555 -0.615216 -0.36288
-0.867547 -0.802783 -0.812384 -0.599965
1.26486 0.935597 0.937924 0.137976
0.739729 0.746942 0.678132 -0.139816
0.723585 0.45851 0.459632 -0.0251275
1.15799 1.15731 1.05086 -0.163863
-0.0998775 -0.128191 -0.121035 -0.20321
-0.142011 -0.23382 -0.258967 -0.397762
0.401312 0.223351 0.224952 -0.139114
1.0548 1.10621 1.01966 -0.140666
1.01026 0.726264 0.727252 -0.00438432
0.318078 0.0972954 0.0490417 -0.14681
-0.0591944 -0.192752 -0.203054 -0.192614
-0.220476 -0.403103 -0.437701 -0.376097
0.437612 0.148304 0.1376 -0.0836319
0.943457 0.725372 0.650192 0.0711422
1.02744 0.574541 0.564429 0.0951884
0.398585 0.132234 0.0855109 -0.155309
-0.892276 -0.697179 -0.710594 -0.407196
-0.863502 -0.850374 -0.87339 -0.564221
1.29037 0.783574 0.771621 0.163811
0.881471 0.636212 0.564214 0.0151772
0.741507 0.356981 0.346322 0.0042165
1.27876 1.0615 0.967128 0.0983379
-0.806378 -0.67798 -0.683968 -0.263574
-0.943883 -0.902225 -0.895979 -0.402191
0.842336 0.8801 0.869674 0.385225
-0.820431 -0.874175 -0.788564 -0.00259797
0.438775 0.429904 0.417003 0.200888
-0.733586 -0.812582 -0.659611 0.308099
-0.334288 -0.273995 -0.28068 -0.0766741
-0.895058 -0.934196 -0.913692 -0.351519
0.182712 0.203215 0.195536 0.100337
-0.75998 -0.854052 -0.735891 0.13295
0.825302 0.817275 0.802805 0.327732
-0.865265 -0.935344 -0.883474 -0.195347
0.614397 0.599121 0.58401 0.21757
-0.737915 -0.825912 -0.66506 0.320175
-0.257416 -0.203333 -0.211905 -0.0611128
-0.892905 -0.947439 -0.924479 -0.32869
0.274937 0.298154 0.286702 0.0946794
-0.759519 -0.860888 -0.739855 0.148746
0.912474 0.943972 0.936868 0.348475
-0.861821 -0.942436 -0.891731 -0.183191
-0.780663 -0.628318 -0.637129 -0.235045
-0.937899 -0.924873 -0.925564 -0.393198
1.28545 1.30476 1.28453 0.38252
-0.808851 -0.89052 -0.801643 -0.00204685
-0.227611 -0.156904 -0.166461 -0.0670173
-0.929391 -0.935311 -0.914169 -0.293587
0.199419 0.311094 0.304135 0.10746
-0.777064 -0.842759 -0.718887 0.156697
0.75315 0.916925 0.906002 0.296414
-0.902267 -0.93921 -0.88665 -0.149866
-0.793352 -0.611351 -0.61703 -0.202754
-0.967548 -0.930053 -0.936032 -0.369567
1.0932 1.31124 1.28924 0.31599
-0.870064 -0.898924 -0.806144 0.0244258
0.52266 0.670407 0.661098 0.178122
-0.778983 -0.850856 -0.691694 0.299803
-0.803057 -0.63582 -0.644119 -0.209911
-0.92872 -0.942784 -0.95251 -0.346797
-0.158843 -0.0890231 -0.0933293 -0.0397641
-0.878307 -0.948807 -0.925865 -0.252979
0.349646 0.360755 0.346601 0.0679496
-0.749206 -0.863261 -0.734426 0.169333
0.977369 0.968033 0.95548 0.234881
-0.866134 -0.931536 -0.874097 -0.12262
1.29745 1.3934 1.36629 0.209457
-0.833173 -0.847283 -0.744012 0.00148083
0.715708 0.861834 0.854416 0.11265
-0.731919 -0.783074 -0.613607 0.222714
0.981861 1.16859 1.15726 0.177484
-0.872682 -0.867596 -0.793091 -0.122098
-0.772184 -0.528014 -0.520332 -0.193775
-0.94702 -0.862742 -0.848775 -0.30403
1.37122 1.59063 1.57473 0.205635
-0.830506 -0.826143 -0.724699 0.00127197
0.733025 0.856201 0.852379 0.105408
-0.724432 -0.754071 -0.579072 0.236213
-0.198802 -0.0417225 -0.0303448 -0.0609564
-0.884741 -0.872948 -0.828493 -0.211398
0.380286 0.51373 0.519439 0.0513044
-0.748985 -0.777185 -0.635734 0.131044
-0.172434 -0.0179338 -0.00681953 -0.0506169
-0.880252 -0.869122 -0.832691 -0.217818
0.38391 0.519691 0.52349 0.0483152
-0.743699 -0.779607 -0.639502 0.139887
1.03651 1.2041 1.20411 0.163351
-0.85964 -0.858152 -0.789242 -0.106654
-0.762775 -0.520397 -0.506588 -0.168492
-0.950658 -0.84625 -0.830788 -0.284567
1.40122 1.60736 1.59438 0.184808
-0.826972 -0.825574 -0.720509 0.0228678
0.757841 0.894486 0.893664 0.0992075
-0.730802 -0.755067 -0.572121 0.238241
0.714296 0.858045 0.857888 0.0992362
-0.732359 -0.768059 -0.589903 0.240197
-0.186437 -0.0383057 -0.0251247 -0.0495032
-0.887173 -0.854596 -0.815514 -0.197504
0.395692 0.541487 0.543714 0.0362072
-0.751593 -0.786959 -0.642903 0.147094
1.06002 1.18052 1.1716 0.167298
-0.870926 -0.905113 -0.838967 -0.0904826
-0.756196 -0.546424 -0.546333 -0.179629
-0.959028 -0.882042 -0.872618 -0.273434
1.44284 1.62223 1.61123 0.199264
-0.833554 -0.865212 -0.768663 0.039363
1.3825 1.52817 1.51071 0.174786
-0.842053 -0.871985 -0.77188 0.0309307
0.775172 0.881202 0.86846 0.0797767
-0.740546 -0.781946 -0.603793 0.257342
-0.768092 -0.55698 -0.549119 -0.157895
-0.968515 -0.89383 -0.879534 -0.257242
-0.0925883 0.0673484 0.0776232 -0.0418308
-0.89398 -0.858292 -0.817617 -0.176351
0.378383 0.55355 0.558674 0.0277057
-0.77332 -0.802539 -0.659311 0.124684
0.9833 1.15067 1.13793 0.144193
-0.854314 -0.914213 -0.848468 -0.0677611
-0.749768 -0.565539 -0.568729 -0.158633
-0.962649 -0.913195 -0.909097 -0.249326
1.47054 1.57583 1.55804 0.173885
-0.83727 -0.879902 -0.77387 0.0640606
0.792133 0.858699 0.845457 0.0840354
-0.734627 -0.83363 -0.659763 0.253961
-0.149075 -0.0655719 -0.0616756 -0.0548612
-0.892517 -0.92582 -0.893697 -0.161157
0.435298 0.502492 0.499065 0.0378401
-0.750305 -0.850898 -0.716444 0.153611
1.12312 1.19411 1.177 0.136508
-0.871006 -0.933177 -0.869813 -0.0580647
-0.129535 -0.0388695 -0.0441272 -0.0544682
-0.884994 -0.930137 -0.904655 -0.165844
