-0.70726 -0.47919 -0.491992 -0.499819
-0.896498 -0.856375 -0.857728 -0.870081
1.84966 1.94956 1.83451 1.52253
-0.522108 -0.698768 -0.555003 -0.334148
1.15988 1.20175 1.12545 0.874976
-0.326456 -0.536351 -0.1989 0.850197
0.0506817 0.136613 0.0939205 0.20803
-0.747806 -0.838878 -0.781672 -0.457812
0.730706 0.744246 0.687074 0.558281
-0.401518 -0.609697 -0.399333 -0.0337079
0.0667474 0.173147 0.14968 0.382821
-0.745935 -0.816454 -0.780712 -0.577797
0.73738 0.778703 0.736317 0.6467
-0.396236 -0.621817 -0.403882 0.00874071
1.46255 1.57192 1.47879 1.03902
-0.633557 -0.774929 -0.675525 -0.352522
-0.709339 -0.480014 -0.490305 -0.237428
-0.894435 -0.848128 -0.853345 -0.61005
1.84156 2.00695 1.89661 1.00297
-0.525616 -0.721979 -0.571894 -0.114734
1.15189 1.18721 1.10679 0.537152
-0.337207 -0.592 -0.286177 0.562104
1.1028 1.16737 1.10087 0.832229
-0.34362 -0.565516 -0.305853 0.374286
0.0365745 0.135066 0.107103 0.342967
-0.753743 -0.860063 -0.830519 -0.671824
0.717117 0.685053 0.634257 0.34189
-0.410872 -0.678231 -0.4713 -0.12179
1.43642 1.41203 1.3316 0.62056
-0.64424 -0.810534 -0.726798 -0.522135
-0.714342 -0.503643 -0.525131 -0.384058
-0.894734 -0.895638 -0.911457 -0.854975
1.80825 1.79215 1.68655 0.468909
-0.535163 -0.750216 -0.606457 -0.381233
1.7755 1.73009 1.62508 0.368492
-0.544182 -0.766499 -0.616153 -0.384179
1.11848 1.09046 1.01589 0.17419
-0.353143 -0.622768 -0.353408 0.245464
-0.731405 -0.537977 -0.559655 -0.260818
-0.899161 -0.895384 -0.914077 -0.815315
0.10634 0.144849 0.104833 -0.204602
-0.743486 -0.857068 -0.835664 -0.874718
0.725439 0.70413 0.646744 -0.0449483
-0.411101 -0.656054 -0.452722 -0.0844583
1.43976 1.39298 1.31404 0.389404
-0.642208 -0.818895 -0.737585 -0.635133
-0.71499 -0.512454 -0.531806 -0.379284
-0.894463 -0.893322 -0.912309 -0.803376
1.81927 1.80898 1.71222 0.322119
-0.537199 -0.74381 -0.601504 -0.342833
1.14697 1.08538 1.01859 0.140695
-0.350837 -0.617249 -0.356875 0.0909429
0.045063 0.077286 0.0410673 -0.158781
-0.752115 -0.861584 -0.837354 -0.802611
0.727182 0.70501 0.647065 -0.187148
-0.416189 -0.671403 -0.472341 -0.280285
1.46282 1.4291 1.34499 0.139765
-0.644445 -0.818058 -0.735481 -0.624401
0.0784749 0.11474 0.0823889 -0.239986
-0.746464 -0.866918 -0.841394 -0.818464
0.746702 0.70975 0.660648 -0.0595755
-0.412646 -0.657715 -0.456776 -0.222323
1.4895 1.44518 1.36634 0.151063
-0.64337 -0.819163 -0.740415 -0.638955
-0.709355 -0.528583 -0.549748 -0.479485
-0.89577 -0.893354 -0.913052 -0.770794
1.85303 1.85921 1.76832 0.154844
-0.539556 -0.750841 -0.610005 -0.42816
1.16604 1.10871 1.04409 -0.0122757
-0.356113 -0.628156 -0.359072 0.0501348
-1.07119 -0.558836 -0.608719 -0.310414
0.762536 0.519368 0.41314 -0.0551161
1.12378 1.08611 0.982607 0.189348
9.2796 11.1023 9.95632 -2.33563
0.332626 0.360009 0.287951 -1.10874
9.20862 11.9072 10.6963 -2.30696
-0.316464 -0.271305 -0.313057 -1.24945
1.95631 1.62206 1.41974 -0.413489
0.231516 0.0903429 0.0398837 -0.685599
2.90015 3.43095 3.10968 0.441748
0.978358 0.642032 0.590615 0.0415206
1.5031 1.29266 1.12866 0.108065
0.670334 0.382433 0.340817 -0.155533
2.22896 2.31475 2.09206 1.07964
-0.161097 -0.205497 -0.240757 -0.480934
0.481699 0.249166 0.16024 -0.388082
0.310823 0.107732 0.0681057 -0.473474
3.447 3.18734 2.87426 0.746023
0.814853 0.524286 0.457269 -0.243254
2.83936 2.62879 2.35917 0.205231
-0.982257 -0.68449 -0.71304 -0.815763
-0.416755 -0.432719 -0.476071 -0.814734
1.00564 0.71434 0.650492 -0.303822
3.71891 3.80956 3.43101 0.0267911
-0.253831 -0.261732 -0.29787 -0.596504
1.20491 0.984558 0.836377 -0.338592
0.2082 0.0759635 0.0371661 -0.462468
2.99258 3.23804 2.92437 0.435847
0.848102 0.54234 0.497102 -0.107714
1.45492 1.28365 1.13168 0.103211
-0.935704 -0.690867 -0.723994 -0.735331
-0.691897 -0.673339 -0.714789 -0.852574
1.11199 0.77531 0.716815 -0.131113
1.90542 1.80622 1.60283 0.31003
0.591238 0.305808 0.26089 -0.200708
2.05234 2.10434 1.88732 0.588412
-0.927047 -0.694346 -0.727906 -0.576616
-0.768167 -0.756752 -0.80041 -0.759417
-0.130021 -0.202358 -0.236693 -0.430933
0.439007 0.235496 0.14543 -0.330436
0.311794 0.0925266 0.054186 -0.287891
1.71508 1.75228 1.56988 0.432838
0.929151 0.568491 0.528427 0.00793869
0.982134 0.737361 0.624556 -0.0221081
1.09171 0.704458 0.662111 -0.00896687
1.44622 1.27104 1.11875 0.202779
0.609122 0.306798 0.267579 -0.12889
1.97745 1.96146 1.76413 0.498235
0.873211 0.520123 0.479961 -0.00570773
0.792559 0.578787 0.469206 -0.102211
-0.911631 -0.684075 -0.72068 -0.533436
-0.776332 -0.762699 -0.803298 -0.658654
1.15657 0.737364 0.69571 0.0236569
1.44029 1.30865 1.15476 0.180265
0.623016 0.312184 0.277597 -0.100062
1.57904 1.56932 1.40379 0.3794
-0.14195 -0.228602 -0.265003 -0.28865
0.0368318 -0.144607 -0.208887 -0.373711
0.329051 0.0951815 0.0565332 -0.22304
1.46023 1.40022 1.24364 0.220015
-0.126921 -0.202824 -0.232373 -0.247088
0.0601934 -0.113165 -0.177138 -0.362898
0.352213 0.122421 0.0853445 -0.191514
1.35763 1.34307 1.19461 0.196339
0.952571 0.61489 0.575805 0.00666799
0.548289 0.418178 0.320077 -0.195289
-0.898415 -0.651123 -0.676361 -0.396232
-0.837151 -0.789363 -0.822747 -0.56447
1.21581 0.857673 0.828438 0.0913286
0.901549 0.915682 0.781753 -0.0142947
0.680889 0.442856 0.41699 0.00275413
1.4512 1.51185 1.35767 0.0824073
0.668538 0.453393 0.434479 0.0229929
1.21177 1.35706 1.20959 0.194027
-0.112495 -0.131386 -0.145244 -0.146226
-0.144238 -0.227774 -0.26792 -0.339876
0.373013 0.205991 0.183621 -0.118518
1.05679 1.0402 0.921123 0.101393
0.968656 0.676558 0.651273 0.0824014
0.467344 0.397594 0.328423 -0.180406
-0.898305 -0.625101 -0.629614 -0.297818
-0.838167 -0.7553 -0.775111 -0.510715
1.21844 0.921692 0.897226 0.105057
0.925712 0.884864 0.780293 0.0380416
1.16221 0.795413 0.758616 0.0700043
0.847753 0.80163 0.685073 -0.101501
0.65899 0.447718 0.438289 0.046589
1.33595 1.42988 1.27993 0.0884921
-0.901706 -0.636664 -0.645419 -0.330751
-0.86982 -0.763215 -0.779818 -0.511659
-0.0508189 -0.0983421 -0.103981 -0.175064
-0.0352096 -0.102502 -0.146499 -0.348856
0.39115 0.22028 0.205257 -0.108681
0.847506 0.911989 0.801868 -0.0176897
1.00696 0.748495 0.725863 0.0618582
0.240268 0.15498 0.0877795 -0.303358
-0.883233 -0.597101 -0.611606 -0.36288
-0.867547 -0.787406 -0.808181 -0.599965
1.26486 0.949808 0.934735 0.137976
0.739729 0.769385 0.674229 -0.139816
0.723585 0.474174 0.458596 -0.0251275
1.15799 1.18254 1.04428 -0.163863
-0.0998775 -0.116595 -0.119484 -0.20321
-0.142011 -0.21896 -0.257828 -0.397762
0.401312 0.238526 0.224992 -0.139114
1.0548 1.13045 1.01377 -0.140666
1.01026 0.741734 0.72507 -0.00438432
0.318078 0.118699 0.0484758 -0.14681
-0.0591944 -0.170026 -0.201108 -0.192614
-0.220476 -0.380712 -0.435653 -0.376097
0.437612 0.171967 0.138042 -0.0836319
0.943457 0.7462 0.646012 0.0711422
1.02744 0.597582 0.562909 0.0951884
0.398585 0.154017 0.084779 -0.155309
-0.892276 -0.674351 -0.706437 -0.407196
-0.863502 -0.825708 -0.868817 -0.564221
1.29037 0.807471 0.769156 0.163811
0.881471 0.665301 0.561018 0.0151772
0.741507 0.380883 0.345834 0.0042165
1.27876 1.08644 0.961121 0.0983379
-0.806378 -0.661796 -0.680046 -0.263574
-0.943883 -0.895529 -0.891377 -0.402191
0.842336 0.897223 0.866704 0.385225
-0.820431 -0.940726 -0.786464 -0.00259797
0.438775 0.451486 0.416209 0.200888
-0.733586 -0.93351 -0.659208 0.308099
-0.334288 -0.256108 -0.278454 -0.0766741
-0.895058 -0.944831 -0.909776 -0.351519
0.182712 0.222619 0.195661 0.100337
-0.75998 -0.948898 -0.734735 0.13295
0.825302 0.840438 0.80039 0.327732
-0.865265 -0.974787 -0.880503 -0.195347
0.614397 0.623464 0.582511 0.21757
-0.737915 -0.953111 -0.664768 0.320175
-0.257416 -0.184011 -0.209957 -0.0611128
-0.892905 -0.959849 -0.92061 -0.32869
0.274937 0.320237 0.286523 0.0946794
-0.759519 -0.958048 -0.738754 0.148746
0.912474 0.963403 0.933852 0.348475
-0.861821 -0.981891 -0.888787 -0.183191
-0.780663 -0.609295 -0.633331 -0.235045
-0.937899 -0.91336 -0.920848 -0.393198
1.28545 1.33152 1.27993 0.38252
-0.808851 -0.961753 -0.799781 -0.00204685
-0.227611 -0.136695 -0.164664 -0.0670173
-0.929391 -0.946924 -0.9104 -0.293587
0.199419 0.330733 0.303869 0.10746
-0.777064 -0.942902 -0.717969 0.156697
0.75315 0.938171 0.903101 0.296414
-0.902267 -0.979997 -0.883726 -0.149866
-0.793352 -0.594188 -0.613351 -0.202754
-0.967548 -0.915846 -0.931284 -0.369567
1.0932 1.33869 1.28462 0.31599
-0.870064 -0.9726 -0.804265 0.0244258
0.52266 0.691803 0.659311 0.178122
-0.778983 -0.978611 -0.691427 0.299803
-0.803057 -0.617069 -0.640286 -0.209911
-0.92872 -0.926544 -0.947684 -0.346797
-0.158843 -0.0712656 -0.0918897 -0.0397641
-0.878307 -0.961761 -0.922051 -0.252979
0.349646 0.38495 0.346205 0.0679496
-0.749206 -0.966081 -0.733463 0.169333
0.977369 0.990885 0.95236 0.234881
-0.866134 -0.975823 -0.871304 -0.12262
1.29745 1.42368 1.36136 0.209457
-0.833173 -0.929981 -0.74254 0.00148083
0.715708 0.881248 0.85178 0.11265
-0.731919 -0.92151 -0.613936 0.222714
0.981861 1.18997 1.15323 0.177484
-0.872682 -0.923219 -0.790708 -0.122098
-0.772184 -0.519773 -0.517126 -0.193775
-0.94702 -0.861556 -0.844485 -0.30403
1.37122 1.61406 1.56873 0.205635
-0.830506 -0.908102 -0.7234 0.00127197
0.733025 0.873679 0.849743 0.105408
-0.724432 -0.895852 -0.579471 0.236213
-0.198802 -0.0346039 -0.0292109 -0.0609564
-0.884741 -0.900265 -0.825227 -0.211398
0.380286 0.525742 0.518246 0.0513044
-0.748985 -0.89105 -0.635415 0.131044
-0.172434 -0.0106711 -0.00574259 -0.0506169
-0.880252 -0.89167 -0.829361 -0.217818
0.38391 0.532568 0.522343 0.0483152
-0.743699 -0.893071 -0.639188 0.139887
1.03651 1.21861 1.19997 0.163351
-0.85964 -0.911484 -0.786896 -0.106654
-0.762775 -0.515605 -0.50334 -0.168492
-0.950658 -0.845746 -0.826538 -0.284567
1.40122 1.62912 1.58842 0.184808
-0.826972 -0.910376 -0.719191 0.0228678
0.757841 0.91039 0.890884 0.0992075
-0.730802 -0.900896 -0.572582 0.238241
0.714296 0.873139 0.855265 0.0992362
-0.732359 -0.91123 -0.590261 0.240197
-0.186437 -0.0323954 -0.0240033 -0.0495032
-0.887173 -0.878607 -0.812256 -0.197504
0.395692 0.555757 0.542493 0.0362072
-0.751593 -0.902027 -0.642521 0.147094
1.06002 1.20097 1.16756 0.167298
-0.870926 -0.956041 -0.836446 -0.0904826
-0.756196 -0.533255 -0.54288 -0.179629
-0.959028 -0.877509 -0.868158 -0.273434
1.44284 1.64432 1.60532 0.199264
-0.833554 -0.943984 -0.767121 0.039363
1.3825 1.55337 1.50516 0.174786
-0.842053 -0.953168 -0.770379 0.0309307
0.775172 0.904451 0.865817 0.0797767
-0.740546 -0.925255 -0.604212 0.257342
-0.768092 -0.548168 -0.545703 -0.157895
-0.968515 -0.892803 -0.875089 -0.257242
-0.0925883 0.0764439 0.078367 -0.0418308
-0.89398 -0.883793 -0.814354 -0.176351
0.378383 0.566212 0.557359 0.0277057
-0.77332 -0.920094 -0.659071 0.124684
0.9833 1.17379 1.13404 0.144193
-0.854314 -0.965078 -0.845932 -0.0677611
-0.749768 -0.549963 -0.565211 -0.158633
-0.962649 -0.905314 -0.904424 -0.249326
1.47054 1.60138 1.55221 0.173885
-0.83727 -0.964555 -0.772423 0.0640606
0.792133 0.882645 0.84289 0.0840354
-0.734627 -0.974243 -0.659944 0.253961
-0.149075 -0.0528254 -0.0603015 -0.0548612
-0.892517 -0.945376 -0.890137 -0.161157
0.435298 0.520976 0.498018 0.0378401
-0.750305 -0.961377 -0.715891 0.153611
1.12312 1.21968 1.17295 0.136508
-0.871006 -0.983044 -0.867216 -0.0580647
-0.129535 -0.0204003 -0.0428191 -0.0544682
-0.884994 -0.946291 -0.90104 -0.165844
0.463143 0.53133 0.506234 0.0286979
-0.745312 -0.943744 -0.692623 0.160138
1.1253 1.20916 1.17295 0.134354
-0.870914 -0.975454 -0.859203 -0.0570967
-0.741786 -0.544715 -0.553571 -0.140021
-0.96852 -0.903466 -0.909741 -0.235267
1.49996 1.63946 1.58675 0.156948
-0.837729 -0.983195 -0.798147 0.0465603
0.820894 0.899093 0.866646 0.0671555
-0.732256 -0.987 -0.671248 0.234214
-0.745882 -0.555365 -0.570157 -0.140686
-0.974868 -0.900863 -0.905436 -0.213997
1.42815 1.59077 1.53693 0.147527
-0.829136 -0.982127 -0.80197 0.0566436
0.808041 0.885522 0.861121 0.0767183
-0.731259 -0.97459 -0.620672 0.165544
-0.146904 -0.0380562 -0.0542706 -0.0531167
-0.892334 -0.944427 -0.896506 -0.142281
0.440804 0.535415 0.511735 0.02598
-0.753564 -0.956565 -0.698689 0.160753
1.1071 1.22503 1.18206 0.105078
-0.873091 -0.973135 -0.858469 -0.0447236
0.827652 0.913055 0.885495 0.0720477
-0.734358 -0.964207 -0.648444 0.243424
-0.148548 -0.0172387 -0.0344659 -0.0520452
-0.894784 -0.960387 -0.902686 -0.137974
0.435875 0.520869 0.490267 0.019901
-0.7587 -0.97635 -0.725897 0.146342
0.918481 1.18387 1.14438 0.109404
-0.922143 -0.997486 -0.878198 -0.043919
-0.744266 -0.550837 -0.567705 -0.130953
-0.967673 -0.904169 -0.914622 -0.199296
1.50912 1.60065 1.54624 0.133826
-0.832947 -0.99281 -0.801498 0.077729
-0.115684 -0.048423 -0.0770534 -0.0507522
-0.886814 -0.988133 -0.935304 -0.128619
0.473497 0.489929 0.451863 0.0208992
-0.743004 -0.984455 -0.735765 0.173395
1.13387 1.14734 1.10616 0.115129
-0.867258 -1.00407 -0.895967 -0.0307377
-0.738726 -0.569174 -0.596555 -0.125532
-0.966563 -0.939158 -0.957964 -0.197498
1.51295 1.50974 1.45071 0.143351
-0.827674 -1.00706 -0.826602 0.0735975
0.826815 0.8027 0.760605 0.0685193
-0.727235 -0.998767 -0.686179 0.254515
-0.75288 -0.595231 -0.626016 -0.128399
-0.971913 -0.936168 -0.956256 -0.187142
-0.0607743 -0.00766886 -0.0338679 -0.0404843
-0.874285 -0.97974 -0.942013 -0.114171
0.467714 0.476794 0.437719 0.0206728
-0.744572 -0.986568 -0.737448 0.171157
1.11527 1.1247 1.08442 0.109814
-0.865968 -1.01227 -0.904403 -0.0192185
1.42181 1.41612 1.36048 0.129486
-0.836003 -1.02138 -0.843455 0.0761099
0.807677 0.801949 0.761683 0.062636
-0.728197 -0.988846 -0.660873 0.257772
1.08592 1.07343 1.02911 0.101764
-0.869715 -1.01182 -0.905167 -0.021691
-0.744821 -0.581802 -0.607653 -0.118604
-0.972914 -0.936488 -0.958569 -0.182271
1.46703 1.48464 1.43168 0.135974
-0.825025 -1.00387 -0.822134 0.0815851
0.780446 0.778276 0.739923 0.0602058
-0.726061 -0.984629 -0.676269 0.243866
-0.177927 -0.113533 -0.142242 -0.0482133
-0.889417 -0.981663 -0.944245 -0.105931
0.376372 0.405822 0.381426 0.0181283
-0.749001 -0.956555 -0.691455 0.165352
-0.18071 -0.0951191 -0.112547 -0.0459434
-0.888533 -0.955861 -0.909601 -0.104848
0.344015 0.394878 0.367869 0.0141732
-0.751714 -0.967175 -0.699944 0.167139
0.889713 0.958944 0.938331 0.0882138
-0.907358 -0.975072 -0.846299 -0.00736243
-0.782606 -0.596648 -0.598405 -0.108792
-0.977262 -0.907415 -0.911187 -0.162692
1.08266 1.27345 1.2526 0.121734
-0.862988 -0.970827 -0.775307 0.0777116
0.495009 0.631064 0.614662 0.0520043
-0.766219 -0.938084 -0.603015 0.228272
0.441851 0.567847 0.550278 0.046173
-0.77306 -0.955588 -0.619826 0.231204
-0.334015 -0.205792 -0.217794 -0.0468858
-0.926221 -0.957897 -0.912378 -0.0949725
0.130307 0.262485 0.251381 0.0138786
-0.778731 -0.946677 -0.691148 0.148293
0.648716 0.821786 0.800262 0.0763247
-0.912537 -0.967543 -0.839882 -0.00128476
-0.798041 -0.625044 -0.640414 -0.107819
-0.960021 -0.924956 -0.918099 -0.143428
1.09507 1.21763 1.18345 0.102568
-0.841786 -0.956757 -0.7696 0.0754148
1.05256 1.12431 1.09712 0.101257
-0.848037 -0.958297 -0.775006 0.066686
0.521873 0.567275 0.545132 0.0424917
-0.748609 -0.949723 -0.633356 0.210787
-0.808291 -0.610111 -0.611324 -0.0952049
-0.960885 -0.912466 -0.915097 -0.139178
