-0.70726 -0.494788 -0.49904 -0.499819
-0.896498 -0.871088 -0.874751 -0.870081
1.84966 1.94002 1.88321 1.52253
-0.522108 -0.667228 -0.576694 -0.334148
1.15988 1.19041 1.15775 0.874976
-0.326456 -0.458227 -0.219596 0.850197
0.0506817 0.120989 0.101598 0.20803
-0.747806 -0.836124 -0.801259 -0.457812
0.730706 0.731383 0.709409 0.558281
-0.401518 -0.559234 -0.421492 -0.0337079
0.0667474 0.161381 0.158285 0.382821
-0.745935 -0.817669 -0.799837 -0.577797
0.73738 0.768994 0.759493 0.6467
-0.396236 -0.569807 -0.426284 0.00874071
1.46255 1.56184 1.51919 1.03902
-0.633557 -0.757227 -0.696898 -0.352522
-0.709339 -0.495209 -0.497396 -0.237428
-0.894435 -0.863403 -0.870268 -0.61005
1.84156 1.99791 1.94704 1.00297
-0.525616 -0.689431 -0.593928 -0.114734
1.15189 1.17447 1.13905 0.537152
-0.337207 -0.518349 -0.30995 0.562104
1.1028 1.15728 1.13257 0.832229
-0.34362 -0.500258 -0.329369 0.374286
0.0365745 0.122085 0.114823 0.342967
-0.753743 -0.863192 -0.850267 -0.671824
0.717117 0.672241 0.65561 0.34189
-0.410872 -0.629973 -0.494106 -0.12179
1.43642 1.40186 1.36926 0.62056
-0.64424 -0.796945 -0.748114 -0.522135
-0.714342 -0.521652 -0.532271 -0.384058
-0.894734 -0.913825 -0.929085 -0.854975
1.80825 1.78181 1.7325 0.468909
-0.535163 -0.719339 -0.628943 -0.381233
1.7755 1.71939 1.66939 0.368492
-0.544182 -0.734527 -0.638933 -0.384179
1.11848 1.07744 1.04655 0.17419
-0.353143 -0.558528 -0.376666 0.245464
-0.731405 -0.556121 -0.567746 -0.260818
-0.899161 -0.914132 -0.931694 -0.815315
0.10634 0.129085 0.113363 -0.204602
-0.743486 -0.861758 -0.855318 -0.874718
0.725439 0.69015 0.668656 -0.0449483
-0.411101 -0.608692 -0.475044 -0.0844583
1.43976 1.38287 1.35128 0.389404
-0.642208 -0.805869 -0.759298 -0.635133
-0.71499 -0.530113 -0.539213 -0.379284
-0.894463 -0.912216 -0.929804 -0.803376
1.81927 1.8002 1.75886 0.322119
-0.537199 -0.713254 -0.623918 -0.342833
1.14697 1.07378 1.04925 0.140695
-0.350837 -0.554327 -0.380187 0.0909429
0.045063 0.0615815 0.0478957 -0.158781
-0.752115 -0.86568 -0.857214 -0.802611
0.727182 0.690739 0.669054 -0.187148
-0.416189 -0.624362 -0.495349 -0.280285
1.46282 1.41838 1.38318 0.139765
-0.644445 -0.804557 -0.757261 -0.624401
0.0784749 0.0999645 0.0903556 -0.239986
-0.746464 -0.870829 -0.861315 -0.818464
0.746702 0.697143 0.682679 -0.0595755
-0.412646 -0.610023 -0.47953 -0.222323
1.4895 1.4352 1.40513 0.151063
-0.64337 -0.805989 -0.762539 -0.638955
-0.709355 -0.54679 -0.557514 -0.479485
-0.89577 -0.912323 -0.930555 -0.770794
1.85303 1.85134 1.81672 0.154844
-0.539556 -0.720117 -0.632891 -0.42816
1.16604 1.09745 1.07557 -0.0122757
-0.356113 -0.563198 -0.38287 0.0501348
-1.07119 -0.583733 -0.616647 -0.310414
0.762536 0.491834 0.432002 -0.0551161
1.12378 1.06968 1.01219 0.189348
9.2796 10.9891 10.2124 -2.33563
0.332626 0.340452 0.30164 -1.10874
9.20862 11.8101 10.9573 -2.30696
-0.316464 -0.291532 -0.314114 -1.24945
1.95631 1.59378 1.46014 -0.413489
0.231516 0.0719968 0.0475717 -0.685599
2.90015 3.41485 3.18092 0.441748
0.978358 0.629201 0.61153 0.0415206
1.5031 1.2764 1.15652 0.108065
0.670334 0.368268 0.355811 -0.155533
2.22896 2.31529 2.1322 1.07964
-0.161097 -0.224176 -0.239857 -0.480934
0.481699 0.23288 0.166423 -0.388082
0.310823 0.0913398 0.0764395 -0.473474
3.447 3.17449 2.93754 0.746023
0.814853 0.507418 0.475105 -0.243254
2.83936 2.60475 2.41821 0.205231
-0.982257 -0.706105 -0.724246 -0.815763
-0.416755 -0.453169 -0.482199 -0.814734
1.00564 0.700588 0.67255 -0.303822
3.71891 3.78271 3.51296 0.0267911
-0.253831 -0.281107 -0.298357 -0.596504
1.20491 0.962257 0.860857 -0.338592
0.2082 0.059297 0.0448179 -0.462468
2.99258 3.2249 2.98898 0.435847
0.848102 0.529607 0.515744 -0.107714
1.45492 1.27058 1.15863 0.103211
