-0.70726 -0.49794 -0.497347 -0.499819
-0.896498 -0.867588 -0.864615 -0.870081
1.84966 1.89821 1.84359 1.52253
-0.522108 -0.627824 -0.555079 -0.334148
1.15988 1.16097 1.12977 0.874976
-0.326456 -0.37978 -0.193927 0.850197
0.0506817 0.106602 0.0919695 0.20803
-0.747806 -0.818314 -0.786337 -0.457812
0.730706 0.708692 0.688645 0.558281
-0.401518 -0.504965 -0.396853 -0.0337079
0.0667474 0.150296 0.148107 0.382821
-0.745935 -0.804008 -0.785428 -0.577797
0.73738 0.748887 0.738298 0.6467
-0.396236 -0.51394 -0.401285 0.00874071
1.46255 1.52673 1.48545 1.03902
-0.633557 -0.728035 -0.677674 -0.352522
-0.709339 -0.497894 -0.495687 -0.237428
-0.894435 -0.860607 -0.860188 -0.61005
1.84156 1.95598 1.90578 1.00297
-0.525616 -0.648864 -0.572041 -0.114734
1.15189 1.14399 1.11084 0.537152
-0.337207 -0.443695 -0.281425 0.562104
1.1028 1.12981 1.10502 0.832229
-0.34362 -0.434054 -0.30126 0.374286
0.0365745 0.110445 0.105248 0.342967
-0.753743 -0.850756 -0.835603 -0.671824
0.717117 0.65073 0.635332 0.34189
-0.410872 -0.576919 -0.469512 -0.12179
1.43642 1.36937 1.33716 0.62056
-0.64424 -0.771432 -0.729497 -0.522135
-0.714342 -0.526812 -0.530857 -0.384058
-0.894734 -0.913152 -0.918821 -0.854975
1.80825 1.742 1.69444 0.468909
-0.535163 -0.680029 -0.606911 -0.381233
1.7755 1.68035 1.63258 0.368492
-0.544182 -0.693858 -0.616609 -0.384179
1.11848 1.04822 1.01934 0.17419
-0.353143 -0.492048 -0.349793 0.245464
-0.731405 -0.560876 -0.565541 -0.260818
-0.899161 -0.914038 -0.921486 -0.815315
0.10634 0.1144 0.10278 -0.204602
-0.743486 -0.850985 -0.840849 -0.874718
0.725439 0.667111 0.647854 -0.0449483
-0.411101 -0.556435 -0.450921 -0.0844583
1.43976 1.35082 1.3195 0.389404
-0.642208 -0.780624 -0.74043 -0.635133
-0.71499 -0.53474 -0.537571 -0.379284
-0.894463 -0.912276 -0.919732 -0.803376
1.81927 1.76166 1.72026 0.322119
-0.537199 -0.674165 -0.60195 -0.342833
1.14697 1.04602 1.02212 0.140695
-0.350837 -0.489251 -0.353138 0.0909429
0.045063 0.0482414 0.0385854 -0.158781
-0.752115 -0.854229 -0.842521 -0.802611
0.727182 0.667458 0.64809 -0.187148
-0.416189 -0.57242 -0.470509 -0.280285
1.46282 1.38498 1.35066 0.139765
-0.644445 -0.778947 -0.738226 -0.624401
0.0784749 0.0868185 0.0801683 -0.239986
-0.746464 -0.859164 -0.846582 -0.818464
0.746702 0.675544 0.661744 -0.0595755
-0.412646 -0.557721 -0.454779 -0.222323
1.4895 1.40238 1.37202 0.151063
-0.64337 -0.78079 -0.743125 -0.638955
-0.709355 -0.551669 -0.555649 -0.479485
-0.89577 -0.912488 -0.920451 -0.770794
1.85303 1.81287 1.77657 0.154844
-0.539556 -0.68094 -0.610391 -0.42816
1.16604 1.06961 1.04771 -0.0122757
-0.356113 -0.496162 -0.355215 0.0501348
-1.07119 -0.594427 -0.61527 -0.310414
0.762536 0.45937 0.412001 -0.0551161
1.12378 1.03584 0.98629 0.189348
9.2796 10.6803 10.0125 -2.33563
0.332626 0.317557 0.286967 -1.10874
9.20862 11.4975 10.7619 -2.30696
-0.316464 -0.303301 -0.317693 -1.24945
1.95631 1.53853 1.42629 -0.413489
0.231516 0.0551613 0.0373747 -0.685599
2.90015 3.33446 3.13053 0.441748
0.978358 0.607292 0.591645 0.0415206
1.5031 1.23679 1.13564 0.108065
0.670334 0.350144 0.340112 -0.155533
2.22896 2.26905 2.10943 1.07964
-0.161097 -0.235737 -0.245017 -0.480934
0.481699 0.213298 0.160457 -0.388082
0.310823 0.076148 0.065738 -0.473474
3.447 3.10051 2.89493 0.746023
0.814853 0.483733 0.457364 -0.243254
2.83936 2.53378 2.37316 0.205231
-0.982257 -0.711326 -0.720066 -0.815763
-0.416755 -0.462457 -0.481264 -0.814734
1.00564 0.676229 0.652009 -0.303822
3.71891 3.68626 3.45283 0.0267911
-0.253831 -0.29227 -0.302465 -0.596504
1.20491 0.923916 0.840046 -0.338592
0.2082 0.0445089 0.0346067 -0.462468
2.99258 3.15023 2.94513 0.435847
0.848102 0.509633 0.497551 -0.107714
1.45492 1.23416 1.139 0.103211
-0.935704 -0.719781 -0.731153 -0.735331
-0.691897 -0.70184 -0.721315 -0.852574
1.11199 0.738116 0.718583 -0.131113
1.90542 1.74734 1.61423 0.31003
0.591238 0.271511 0.259613 -0.200708
2.05234 2.0616 1.90356 0.588412
-0.927047 -0.723796 -0.735155 -0.576616
-0.768167 -0.786044 -0.807441 -0.759417
-0.130021 -0.232802 -0.241014 -0.430933
0.439007 0.198271 0.145452 -0.330436
0.311794 0.0607738 0.0517153 -0.287891
1.71508 1.71144 1.58279 0.432838
0.929151 0.536743 0.528947 0.00793869
0.982134 0.702694 0.629009 -0.0221081
1.09171 0.672033 0.663453 -0.00896687
1.44622 1.23169 1.12758 0.202779
0.609122 0.274339 0.266346 -0.12889
1.97745 1.92479 1.77955 0.498235
0.873211 0.487518 0.480047 -0.00570773
0.792559 0.545732 0.472812 -0.102211
-0.911631 -0.714761 -0.727889 -0.533436
-0.776332 -0.790811 -0.810321 -0.658654
1.15657 0.705272 0.697277 0.0236569
1.44029 1.26838 1.16371 0.180265
0.623016 0.281273 0.276358 -0.100062
1.57904 1.54509 1.41723 0.3794
-0.14195 -0.260082 -0.269521 -0.28865
0.0368318 -0.170643 -0.210637 -0.373711
0.329051 0.0627829 0.0539373 -0.22304
1.46023 1.37039 1.25479 0.220015
-0.126921 -0.231518 -0.236626 -0.247088
0.0601934 -0.139042 -0.178741 -0.362898
0.352213 0.0908538 0.0829767 -0.191514
1.35763 1.31683 1.20564 0.196339
0.952571 0.583581 0.576565 0.00666799
0.548289 0.391027 0.323066 -0.195289
-0.898415 -0.677298 -0.68327 -0.396232
-0.837151 -0.81421 -0.829782 -0.56447
1.21581 0.830304 0.830853 0.0913286
0.901549 0.885984 0.788978 -0.0142947
0.680889 0.415551 0.416708 0.00275413
1.4512 1.49535 1.37138 0.0824073
0.668538 0.42878 0.434355 0.0229929
1.21177 1.34306 1.22252 0.194027
-0.112495 -0.153745 -0.148894 -0.146226
-0.144238 -0.243024 -0.269701 -0.339876
0.373013 0.180297 0.181905 -0.118518
1.05679 1.02626 0.93081 0.101393
0.968656 0.650485 0.652581 0.0824014
0.467344 0.382666 0.331784 -0.180406
-0.898305 -0.643248 -0.636107 -0.297818
-0.838167 -0.774609 -0.781761 -0.510715
1.21844 0.896872 0.900211 0.105057
0.925712 0.864723 0.787476 0.0380416
1.16221 0.764769 0.760501 0.0700043
0.847753 0.779348 0.691954 -0.101501
0.65899 0.42644 0.438202 0.046589
1.33595 1.41508 1.29326 0.0884921
-0.901706 -0.655815 -0.651944 -0.330751
-0.86982 -0.780849 -0.78639 -0.511659
-0.0508189 -0.11768 -0.107369 -0.175064
-0.0352096 -0.119808 -0.147692 -0.348856
0.39115 0.197263 0.203808 -0.108681
0.847506 0.901295 0.810887 -0.0176897
1.00696 0.723095 0.727576 0.0618582
0.240268 0.140698 0.08965 -0.303358
-0.883233 -0.618531 -0.61788 -0.36288
-0.867547 -0.806815 -0.814974 -0.599965
1.26486 0.927712 0.937825 0.137976
0.739729 0.753717 0.680936 -0.139816
0.723585 0.450622 0.4586 -0.0251275
1.15799 1.17221 1.05628 -0.163863
-0.0998775 -0.13526 -0.122981 -0.20321
-0.142011 -0.234086 -0.259598 -0.397762
0.401312 0.215779 0.223542 -0.139114
1.0548 1.11645 1.02393 -0.140666
1.01026 0.718328 0.726728 -0.00438432
0.318078 0.0997151 0.0496083 -0.14681
-0.0591944 -0.200466 -0.20536 -0.192614
-0.220476 -0.404306 -0.438933 -0.376097
0.437612 0.139973 0.135804 -0.0836319
0.943457 0.734498 0.6535 0.0711422
1.02744 0.565985 0.56341 0.0951884
0.398585 0.13401 0.0859947 -0.155309
-0.892276 -0.703712 -0.713607 -0.407196
-0.863502 -0.855227 -0.876333 -0.564221
1.29037 0.774924 0.770977 0.163811
0.881471 0.640759 0.566243 0.0151772
0.741507 0.348356 0.34486 0.0042165
1.27876 1.07338 0.971679 0.0983379
-0.806378 -0.683342 -0.686624 -0.263574
-0.943883 -0.906227 -0.898684 -0.402191
0.842336 0.874294 0.869919 0.385225
-0.820431 -0.864863 -0.787607 -0.00259797
0.438775 0.423007 0.416095 0.200888
-0.733586 -0.795534 -0.656343 0.308099
-0.334288 -0.280272 -0.282777 -0.0766741
-0.895058 -0.933936 -0.915354 -0.351519
0.182712 0.196094 0.194156 0.100337
-0.75998 -0.840087 -0.733612 0.13295
