-0.70726 -0.469922 -0.493807 -0.499819
-0.896498 -0.849866 -0.856819 -0.870081
1.84966 1.98275 1.82246 1.52253
-0.522108 -0.75011 -0.546 -0.334148
1.15988 1.22529 1.11597 0.874976
-0.326456 -0.660763 -0.185844 0.850197
0.0506817 0.153634 0.0890416 0.20803
-0.747806 -0.855265 -0.777668 -0.457812
0.730706 0.763493 0.679229 0.558281
-0.401518 -0.687049 -0.387807 -0.0337079
0.0667474 0.183022 0.144733 0.382821
-0.745935 -0.825159 -0.776968 -0.577797
0.73738 0.792394 0.728439 0.6467
-0.396236 -0.701886 -0.392195 0.00874071
1.46255 1.5994 1.46805 1.03902
-0.633557 -0.808617 -0.668561 -0.352522
-0.709339 -0.471648 -0.492108 -0.237428
-0.894435 -0.840289 -0.852445 -0.61005
1.84156 2.03835 1.88395 1.00297
-0.525616 -0.775454 -0.562819 -0.114734
1.15189 1.21246 1.09709 0.537152
-0.337207 -0.705287 -0.271943 0.562104
1.1028 1.1876 1.09147 0.832229
-0.34362 -0.662273 -0.291893 0.374286
0.0365745 0.146775 0.102283 0.342967
-0.753743 -0.866153 -0.826875 -0.671824
0.717117 0.70247 0.626396 0.34189
-0.410872 -0.753631 -0.460127 -0.12179
1.43642 1.43609 1.32099 0.62056
-0.64424 -0.838028 -0.720359 -0.522135
-0.714342 -0.490907 -0.527235 -0.384058
-0.894734 -0.88354 -0.910717 -0.854975
1.80825 1.8231 1.6746 0.468909
-0.535163 -0.801164 -0.597452 -0.381233
1.7755 1.7611 1.61348 0.368492
-0.544182 -0.819742 -0.607053 -0.384179
1.11848 1.1143 1.00629 0.17419
-0.353143 -0.722052 -0.340378 0.245464
-0.731405 -0.525057 -0.561498 -0.260818
-0.899161 -0.882238 -0.913368 -0.815315
0.10634 0.161104 0.099493 -0.204602
-0.743486 -0.860199 -0.832124 -0.874718
0.725439 0.72388 0.638683 -0.0449483
-0.411101 -0.730212 -0.441761 -0.0844583
1.43976 1.41661 1.3035 0.389404
-0.642208 -0.8455 -0.731065 -0.635133
-0.71499 -0.500465 -0.533825 -0.379284
-0.894463 -0.880048 -0.911669 -0.803376
1.81927 1.83673 1.70007 0.322119
-0.537199 -0.794268 -0.59253 -0.342833
1.14697 1.10644 1.00903 0.140695
-0.350837 -0.713393 -0.343764 0.0909429
0.045063 0.0924939 0.0360817 -0.158781
-0.752115 -0.865754 -0.83371 -0.802611
0.727182 0.725003 0.638917 -0.187148
-0.416189 -0.74409 -0.461058 -0.280285
1.46282 1.45442 1.33424 0.139765
-0.644445 -0.84518 -0.728861 -0.624401
0.0784749 0.128423 0.0771358 -0.239986
-0.746464 -0.871514 -0.837748 -0.818464
0.746702 0.7265 0.652555 -0.0595755
-0.412646 -0.731197 -0.445463 -0.222323
1.4895 1.46862 1.35536 0.151063
-0.64337 -0.845012 -0.733597 -0.638955
-0.709355 -0.515838 -0.551736 -0.479485
-0.89577 -0.879831 -0.912398 -0.770794
1.85303 1.88478 1.75561 0.154844
-0.539556 -0.800863 -0.600769 -0.42816
1.16604 1.12896 1.03427 -0.0122757
-0.356113 -0.727522 -0.345643 0.0501348
-1.07119 -0.535233 -0.611265 -0.310414
0.762536 0.558512 0.404286 -0.0551161
1.12378 1.12002 0.973637 0.189348
9.2796 11.4605 9.90039 -2.33563
0.332626 0.386812 0.281394 -1.10874
9.20862 12.2788 10.6471 -2.30696
-0.316464 -0.252173 -0.316751 -1.24945
1.95631 1.68848 1.4088 -0.413489
0.231516 0.110809 0.034463 -0.685599
2.90015 3.52618 3.09894 0.441748
0.978358 0.659974 0.582801 0.0415206
1.5031 1.34468 1.12335 0.108065
0.670334 0.398307 0.333947 -0.155533
2.22896 2.37764 2.09106 1.07964
-0.161097 -0.188932 -0.244928 -0.480934
0.481699 0.280544 0.157847 -0.388082
0.310823 0.124263 0.0625288 -0.473474
3.447 3.2798 2.86654 0.746023
0.814853 0.548446 0.449959 -0.243254
2.83936 2.71229 2.34718 0.205231
-0.982257 -0.66812 -0.71464 -0.815763
-0.416755 -0.412667 -0.478183 -0.814734
1.00564 0.736208 0.642655 -0.303822
3.71891 3.92454 3.41659 0.0267911
-0.253831 -0.244572 -0.301776 -0.596504
1.20491 1.03414 0.829465 -0.338592
0.2082 0.0923864 0.0316821 -0.462468
2.99258 3.33056 2.91623 0.435847
0.848102 0.55859 0.489705 -0.107714
1.45492 1.33104 1.12703 0.103211
-0.935704 -0.672746 -0.725699 -0.735331
-0.691897 -0.652851 -0.71562 -0.852574
1.11199 0.79511 0.708405 -0.131113
1.90542 1.868 1.59836 0.31003
0.591238 0.323395 0.25412 -0.200708
2.05234 2.16608 1.8876 0.588412
-0.927047 -0.675992 -0.729702 -0.576616
-0.768167 -0.73505 -0.800857 -0.759417
-0.130021 -0.186055 -0.241032 -0.430933
0.439007 0.267515 0.142807 -0.330436
0.311794 0.10879 0.0484681 -0.287891
1.71508 1.80507 1.56872 0.432838
0.929151 0.582898 0.520646 0.00793869
0.982134 0.773283 0.622713 -0.0221081
1.09171 0.71898 0.653735 -0.00896687
1.44622 1.31694 1.11714 0.202779
0.609122 0.322371 0.260739 -0.12889
1.97745 2.017 1.76478 0.498235
0.873211 0.534938 0.472173 -0.00570773
0.792559 0.614274 0.468235 -0.102211
-0.911631 -0.664648 -0.722578 -0.533436
-0.776332 -0.742079 -0.803693 -0.658654
1.15657 0.75146 0.687201 0.0236569
1.44029 1.35498 1.15288 0.180265
0.623016 0.326071 0.270724 -0.100062
1.57904 1.61522 1.40661 0.3794
-0.14195 -0.211372 -0.269316 -0.28865
0.0368318 -0.120267 -0.209156 -0.373711
0.329051 0.111617 0.0506689 -0.22304
1.46023 1.44519 1.24469 0.220015
-0.126921 -0.18824 -0.236707 -0.247088
0.0601934 -0.0891123 -0.177519 -0.362898
0.352213 0.138114 0.0794277 -0.191514
1.35763 1.38531 1.1961 0.196339
0.952571 0.628684 0.567857 0.00666799
0.548289 0.450046 0.320391 -0.195289
-0.898415 -0.636031 -0.678258 -0.396232
-0.837151 -0.771317 -0.82281 -0.56447
1.21581 0.866655 0.819459 0.0913286
0.901549 0.956247 0.782741 -0.0142947
0.680889 0.45288 0.409639 0.00275413
1.4512 1.55335 1.36185 0.0824073
0.668538 0.460835 0.427139 0.0229929
1.21177 1.39693 1.2145 0.194027
-0.112495 -0.12293 -0.149672 -0.146226
-0.144238 -0.212052 -0.267144 -0.339876
0.373013 0.215867 0.177521 -0.118518
1.05679 1.0731 0.92458 0.101393
0.968656 0.68504 0.64312 0.0824014
0.467344 0.41886 0.329397 -0.180406
-0.898305 -0.617687 -0.631447 -0.297818
-0.838167 -0.74242 -0.775118 -0.510715
1.21844 0.928506 0.888188 0.105057
0.925712 0.9152 0.781138 0.0380416
1.16221 0.807515 0.749763 0.0700043
0.847753 0.836333 0.686941 -0.101501
0.65899 0.45179 0.430959 0.046589
1.33595 1.47025 1.28453 0.0884921
-0.901706 -0.627753 -0.647047 -0.330751
-0.86982 -0.751529 -0.779641 -0.511659
-0.0508189 -0.0930205 -0.108533 -0.175064
-0.0352096 -0.0859196 -0.146496 -0.348856
0.39115 0.227462 0.199061 -0.108681
0.847506 0.942313 0.805929 -0.0176897
1.00696 0.755706 0.717297 0.0618582
0.240268 0.176755 0.0898865 -0.303358
-0.883233 -0.586266 -0.613521 -0.36288
-0.867547 -0.774054 -0.807975 -0.599965
1.26486 0.9532 0.925399 0.137976
0.739729 0.796731 0.675948 -0.139816
0.723585 0.480333 0.451123 -0.0251275
1.15799 1.21992 1.05011 -0.163863
-0.0998775 -0.112114 -0.12405 -0.20321
-0.142011 -0.203687 -0.25719 -0.397762
0.401312 0.245105 0.218668 -0.139114
1.0548 1.1622 1.01652 -0.140666
1.01026 0.746849 0.716512 -0.00438432
0.318078 0.142345 0.0496728 -0.14681
-0.0591944 -0.154859 -0.205946 -0.192614
-0.220476 -0.358408 -0.435059 -0.376097
0.437612 0.186543 0.131424 -0.0836319
0.943457 0.774548 0.649488 0.0711422
1.02744 0.610203 0.554462 0.0951884
0.398585 0.177373 0.0853813 -0.155309
-0.892276 -0.656551 -0.70846 -0.407196
-0.863502 -0.80379 -0.86906 -0.564221
1.29037 0.820298 0.759817 0.163811
0.881471 0.69738 0.561555 0.0151772
0.741507 0.394845 0.338186 0.0042165
1.27876 1.12088 0.965201 0.0983379
-0.806378 -0.649506 -0.681276 -0.263574
-0.943883 -0.890566 -0.890705 -0.402191
0.842336 0.905631 0.859037 0.385225
-0.820431 -0.994789 -0.776038 -0.00259797
0.438775 0.46446 0.409511 0.200888
-0.733586 -1.03385 -0.643219 0.308099
-0.334288 -0.244186 -0.281926 -0.0766741
-0.895058 -0.952406 -0.905858 -0.351519
0.182712 0.233933 0.189709 0.100337
-0.75998 -1.02631 -0.720922 0.13295
0.825302 0.853252 0.791737 0.327732
-0.865265 -1.00556 -0.87273 -0.195347
0.614397 0.637891 0.574514 0.21757
-0.737915 -1.05875 -0.648069 0.320175
-0.257416 -0.171095 -0.213879 -0.0611128
-0.892905 -0.968911 -0.916516 -0.32869
0.274937 0.333571 0.279966 0.0946794
-0.759519 -1.03738 -0.724674 0.148746
0.912474 0.971887 0.924525 0.348475
-0.861821 -1.01232 -0.880776 -0.183191
-0.780663 -0.594963 -0.635212 -0.235045
-0.937899 -0.903927 -0.920451 -0.393198
1.28545 1.34605 1.26891 0.38252
-0.808851 -1.01898 -0.788365 -0.00204685
-0.227611 -0.123238 -0.168898 -0.0670173
-0.929391 -0.955106 -0.906313 -0.293587
0.199419 0.341564 0.297246 0.10746
-0.777064 -1.0246 -0.703493 0.156697
0.75315 0.948712 0.893983 0.296414
-0.902267 -1.01164 -0.875613 -0.149866
-0.793352 -0.581701 -0.615268 -0.202754
-0.967548 -0.903586 -0.930801 -0.369567
1.0932 1.35402 1.27367 0.31599
-0.870064 -1.03211 -0.792701 0.0244258
0.52266 0.702881 0.650937 0.178122
-0.778983 -1.08396 -0.674146 0.299803
-0.803057 -0.60299 -0.642135 -0.209911
-0.92872 -0.912191 -0.947136 -0.346797
-0.158843 -0.0606848 -0.0965907 -0.0397641
-0.878307 -0.971078 -0.917778 -0.252979
0.349646 0.39987 0.339161 0.0679496
-0.749206 -1.0504 -0.718918 0.169333
0.977369 1.00254 0.942757 0.234881
-0.866134 -1.01059 -0.862958 -0.12262
1.29745 1.44154 1.35004 0.209457
-0.833173 -0.99718 -0.730081 0.00148083
0.715708 0.89008 0.842895 0.11265
-0.731919 -1.0354 -0.59525 0.222714
0.981861 1.1998 1.14301 0.177484
-0.872682 -0.968672 -0.781946 -0.122098
-0.772184 -0.515794 -0.518852 -0.193775
-0.94702 -0.861628 -0.84357 -0.30403
1.37122 1.62473 1.55674 0.205635
-0.830506 -0.974462 -0.710979 0.00127197
0.733025 0.880578 0.840868 0.105408
-0.724432 -1.01312 -0.560763 0.236213
-0.198802 -0.0339388 -0.0333906 -0.0609564
-0.884741 -0.923046 -0.820405 -0.211398
0.380286 0.528487 0.510983 0.0513044
-0.748985 -0.984775 -0.619851 0.131044
-0.172434 -0.00997339 -0.0100086 -0.0506169
-0.880252 -0.909869 -0.824676 -0.217818
0.38391 0.536205 0.515144 0.0483152
-0.743699 -0.986219 -0.623502 0.139887
1.03651 1.22165 1.18988 0.163351
-0.85964 -0.954306 -0.77791 -0.106654
-0.762775 -0.515139 -0.505019 -0.168492
-0.950658 -0.846647 -0.825727 -0.284567
1.40122 1.63802 1.57643 0.184808
-0.826972 -0.979228 -0.706446 0.0228678
0.757841 0.915516 0.881832 0.0992075
-0.730802 -1.02234 -0.553988 0.238241
0.714296 0.877783 0.846536 0.0992362
-0.732359 -1.02999 -0.571613 0.240197
-0.186437 -0.032863 -0.0281135 -0.0495032
-0.887173 -0.898326 -0.807628 -0.197504
0.395692 0.560468 0.535012 0.0362072
-0.751593 -0.997046 -0.626978 0.147094
1.06002 1.20962 1.15717 0.167298
-0.870926 -0.996657 -0.82759 -0.0904826
-0.756196 -0.524687 -0.544747 -0.179629
-0.959028 -0.874576 -0.86744 -0.273434
1.44284 1.65278 1.59281 0.199264
-0.833554 -1.00726 -0.75469 0.039363
1.3825 1.56554 1.49319 0.174786
-0.842053 -1.0186 -0.757773 0.0309307
0.775172 0.91662 0.856535 0.0797767
-0.740546 -1.04397 -0.585504 0.257342
-0.768092 -0.543865 -0.547504 -0.157895
-0.968515 -0.892946 -0.874034 -0.257242
-0.0925883 0.0780365 0.0732432 -0.0418308
-0.89398 -0.904713 -0.809489 -0.176351
0.378383 0.56929 0.549821 0.0277057
-0.77332 -1.0161 -0.642494 0.124684
0.9833 1.18497 1.12358 0.144193
-0.854314 -1.00551 -0.836992 -0.0677611
-0.749768 -0.539163 -0.567228 -0.158633
-0.962649 -0.899132 -0.903703 -0.249326
1.47054 1.6137 1.53993 0.173885
-0.83727 -1.03331 -0.759724 0.0640606
0.792133 0.895419 0.833546 0.0840354
-0.734627 -1.09022 -0.641137 0.253961
-0.149075 -0.0471731 -0.0648852 -0.0548612
-0.892517 -0.96063 -0.885444 -0.161157
0.435298 0.529568 0.490297 0.0378401
-0.750305 -1.05116 -0.699893 0.153611
1.12312 1.23313 1.16228 0.136508
-0.871006 -1.02225 -0.858097 -0.0580647
-0.129535 -0.00941931 -0.0477768 -0.0544682
-0.884994 -0.958009 -0.896244 -0.165844
0.463143 0.540654 0.498435 0.0286979
-0.745312 -1.03574 -0.676539 0.160138
1.1253 1.21893 1.16226 0.134354
-0.870914 -1.01484 -0.850135 -0.0570967
-0.741786 -0.536165 -0.555742 -0.140021
-0.96852 -0.894685 -0.909092 -0.235267
1.49996 1.65295 1.57413 0.156948
-0.837729 -1.04955 -0.784943 0.0465603
0.820894 0.909182 0.857185 0.0671555
-0.732256 -1.10389 -0.651555 0.234214
-0.745882 -0.54468 -0.572189 -0.140686
-0.974868 -0.89264 -0.904918 -0.213997
1.42815 1.60479 1.52473 0.147527
-0.829136 -1.04657 -0.789044 0.0566436
0.808041 0.892775 0.85175 0.0767183
-0.731259 -1.10661 -0.598616 0.165544
-0.146904 -0.0292588 -0.0590676 -0.0531167
-0.892334 -0.957143 -0.891666 -0.142281
0.440804 0.544232 0.503878 0.02598
-0.753564 -1.05091 -0.682557 0.160753
1.1071 1.23712 1.17135 0.105078
-0.873091 -1.012 -0.849346 -0.0447236
0.827652 0.921357 0.8759 0.0720477
-0.734358 -1.08103 -0.629188 0.243424
-0.148548 -0.00818364 -0.0393572 -0.0520452
-0.894784 -0.976534 -0.897772 -0.137974
0.435875 0.532237 0.482491 0.019901
-0.7587 -1.06797 -0.709603 0.146342
0.918481 1.19495 1.13379 0.109404
-0.922143 -1.03798 -0.868798 -0.043919
-0.744266 -0.539362 -0.569878 -0.130953
-0.967673 -0.893793 -0.914132 -0.199296
1.50912 1.61492 1.53386 0.133826
-0.832947 -1.0611 -0.788716 0.077729
-0.115684 -0.0349853 -0.0820325 -0.0507522
-0.886814 -1.00226 -0.930498 -0.128619
0.473497 0.504263 0.444 0.0208992
-0.743004 -1.07522 -0.719759 0.173395
1.13387 1.15931 1.09556 0.115129
-0.867258 -1.04032 -0.886887 -0.0307377
-0.738726 -0.553739 -0.598808 -0.125532
-0.966563 -0.925485 -0.957528 -0.197498
1.51295 1.52615 1.43869 0.143351
-0.827674 -1.07126 -0.813965 0.0735975
0.826815 0.816835 0.75142 0.0685193
-0.727235 -1.11383 -0.66756 0.254515
-0.75288 -0.578467 -0.628104 -0.128399
-0.971913 -0.922029 -0.955869 -0.187142
-0.0607743 0.00473855 -0.0391219 -0.0404843
-0.874285 -0.988434 -0.937335 -0.114171
0.467714 0.491494 0.430028 0.0206728
-0.744572 -1.07727 -0.721811 0.171157
1.11527 1.1364 1.07402 0.109814
-0.865968 -1.04831 -0.895427 -0.0192185
1.42181 1.43177 1.34893 0.129486
-0.836003 -1.0845 -0.830929 0.0761099
0.807677 0.815434 0.752495 0.062636
-0.728197 -1.10944 -0.642386 0.257772
1.08592 1.0868 1.01903 0.101764
-0.869715 -1.04738 -0.896279 -0.021691
-0.744821 -0.566885 -0.609789 -0.118604
-0.972914 -0.921648 -0.958151 -0.182271
1.46703 1.499 1.41976 0.135974
-0.825025 -1.06851 -0.809571 0.0815851
0.780446 0.791157 0.730909 0.0602058
-0.726061 -1.09821 -0.65779 0.243866
-0.177927 -0.0998021 -0.146808 -0.0482133
-0.889417 -0.99021 -0.939606 -0.105931
0.376372 0.415563 0.374143 0.0181283
-0.749001 -1.05337 -0.675558 0.165352
-0.18071 -0.0856556 -0.116978 -0.0459434
-0.888533 -0.967836 -0.904863 -0.104848
0.344015 0.405553 0.360743 0.0141732
-0.751714 -1.06456 -0.684238 0.167139
0.889713 0.964111 0.929253 0.0882138
-0.907358 -1.01872 -0.837658 -0.00736243
-0.782606 -0.590491 -0.600148 -0.108792
-0.977262 -0.899532 -0.910485 -0.162692
1.08266 1.27705 1.24218 0.121734
-0.862988 -1.04041 -0.763215 0.0777116
0.495009 0.636485 0.6069 0.0520043
-0.766219 -1.06119 -0.585289 0.228272
0.441851 0.573903 0.54299 0.046173
-0.77306 -1.0787 -0.602298 0.231204
-0.334015 -0.197899 -0.221393 -0.0468858
-0.926221 -0.969368 -0.908038 -0.0949725
0.130307 0.267847 0.245346 0.0138786
-0.778731 -1.03938 -0.676579 0.148293
0.648716 0.827866 0.792008 0.0763247
-0.912537 -1.01051 -0.831838 -0.00128476
-0.798041 -0.613885 -0.641972 -0.107819
-0.960021 -0.920795 -0.917329 -0.143428
1.09507 1.22613 1.1736 0.102568
-0.841786 -1.02294 -0.758403 0.0754148
1.05256 1.13072 1.08777 0.101257
-0.848037 -1.02312 -0.763748 0.066686
0.521873 0.574915 0.537957 0.0424917
-0.748609 -1.06557 -0.61643 0.210787
-0.808291 -0.604129 -0.612921 -0.0952049
-0.960885 -0.904958 -0.914389 -0.139178
-0.251189 -0.140478 -0.16514 -0.0375792
-0.898229 -0.960948 -0.892957 -0.0801198
0.180272 0.264318 0.242203 0.0177107
-0.764625 -1.0303 -0.647386 0.158492
0.743772 0.818155 0.778425 0.0756493
-0.876159 -0.99456 -0.823174 -0.000862846
-0.802197 -0.608073 -0.633499 -0.0999694
-0.955331 -0.901583 -0.900002 -0.135854
1.06333 1.16694 1.12209 0.104734
-0.843234 -1.02613 -0.765749 0.0697579
0.494779 0.549649 0.520581 0.047212
-0.749075 -1.04599 -0.595806 0.211058
-0.324049 -0.2194 -0.24056 -0.0428959
-0.905845 -0.959194 -0.886825 -0.0783357
0.147569 0.230432 0.202637 0.00996292
-0.771542 -1.02837 -0.66172 0.148772
0.716621 0.809048 0.775924 0.0713403
-0.8803 -1.00246 -0.840081 -0.0102231
-0.311718 -0.201684 -0.225527 -0.0399706
-0.906112 -0.966101 -0.898218 -0.0750665
0.145548 0.232588 0.215437 0.0169409
-0.77157 -1.02339 -0.682222 0.133963
0.700998 0.789811 0.752961 0.0743964
-0.879786 -0.988372 -0.814308 0.00142255
-0.810036 -0.608397 -0.624698 -0.087627
-0.955722 -0.92219 -0.920999 -0.123278
0.991616 1.11718 1.06927 0.0941662
-0.840876 -1.00573 -0.752021 0.065421
0.438195 0.534961 0.508135 0.0412646
-0.746781 -1.03253 -0.591504 0.197747
-0.930698 -0.747938 -0.772912 -0.103614
-0.937673 -0.882752 -0.915171 -0.134995
0.778904 0.740058 0.748264 0.101968
-0.793021 -0.905874 -0.757758 0.0288108
0.442196 0.308007 0.312103 0.0428303
-0.695587 -0.823712 -0.789158 0.0163634
-0.204427 -0.252056 -0.263402 -0.0352062
-0.867096 -0.870209 -0.892014 -0.0962403
0.272118 0.12655 0.11484 0.0105345
-0.655692 -0.737187 -0.730519 -0.0206691
0.868064 0.653807 0.642101 0.0651446
-0.794606 -0.82054 -0.839955 -0.0696819
0.516585 0.31316 0.311151 0.0341291
-0.632248 -0.734758 -0.727296 0.00269647
-0.219452 -0.281186 -0.28781 -0.0397046
-0.860554 -0.864593 -0.898131 -0.0971371
0.209384 0.0574918 0.0486854 0.00139064
-0.535138 -0.643401 -0.655077 -0.0117075
0.733488 0.500616 0.49584 0.050743
-0.677764 -0.71439 -0.739036 -0.0576215
-0.901928 -0.727704 -0.759891 -0.109871
-0.942724 -0.868765 -0.915688 -0.127385
0.886399 0.652407 0.651042 0.0675569
-0.586426 -0.625232 -0.646082 -0.0317059
-0.282937 -0.326242 -0.335769 -0.0505419
-0.774394 -0.779393 -0.815606 -0.0883404
0.112704 -0.0219002 -0.0290909 -0.0141405
-0.467558 -0.532457 -0.55417 -0.00583787
0.652953 0.454046 0.443217 0.0366261
-0.693787 -0.713346 -0.745866 -0.0590616
-0.897783 -0.728677 -0.762284 -0.111502
-0.958405 -0.886995 -0.932222 -0.128731
0.839854 0.63802 0.635443 0.0606695
-0.580784 -0.608601 -0.631228 -0.0292771
0.336795 0.163726 0.152436 0.00399208
-0.450369 -0.527431 -0.539381 0.0162535
-0.903048 -0.726542 -0.760569 -0.110588
-0.962309 -0.889928 -0.93541 -0.126676
-0.256315 -0.288738 -0.300953 -0.0455729
-0.752816 -0.75724 -0.787594 -0.0844126
0.116738 -0.00398707 -0.0165005 -0.016195
-0.454523 -0.509066 -0.534352 -0.00460596
0.652794 0.483291 0.47428 0.0359876
-0.657577 -0.6843 -0.711366 -0.0557027
0.762958 0.564616 0.560021 0.0454448
-0.563239 -0.595137 -0.623438 -0.0286433
0.314811 0.16184 0.154595 0.00228721
-0.399517 -0.460647 -0.479977 0.0170559
0.554579 0.374934 0.369857 0.0268869
-0.661924 -0.688675 -0.718684 -0.0566054
-0.903816 -0.72448 -0.769586 -0.114846
-0.961211 -0.889077 -0.938346 -0.129409
0.775497 0.599116 0.597494 0.0544824
-0.529766 -0.541058 -0.568446 -0.0212885
0.309522 0.184941 0.16716 -0.00308143
-0.409711 -0.465261 -0.475024 0.0200225
-0.309159 -0.315732 -0.342684 -0.0584744
-0.774541 -0.777827 -0.815477 -0.0893368
0.0718599 -0.00303405 -0.0235455 -0.0235513
-0.411802 -0.428917 -0.453334 0.00142163
-0.29417 -0.27585 -0.281968 -0.0488446
-0.766765 -0.754797 -0.769557 -0.0842494
0.0913677 0.0793447 0.0661444 -0.0215105
-0.425292 -0.394234 -0.422508 -0.0143613
0.536002 0.51336 0.50868 0.0278973
-0.673282 -0.631588 -0.635173 -0.0495966
-0.912664 -0.709394 -0.738414 -0.113603
-0.972093 -0.879997 -0.93003 -0.132604
0.635533 0.70141 0.717639 0.0472078
-0.593391 -0.504621 -0.526914 -0.0354867
