-0.70726 -0.471248 -0.493537 -0.499819
-0.896498 -0.833296 -0.845897 -0.870081
1.84966 1.92641 1.77312 1.52253
-0.522108 -0.739796 -0.517216 -0.334148
1.15988 1.17901 1.08035 0.874976
-0.326456 -0.703648 -0.15007 0.850197
0.0506817 0.136772 0.0755516 0.20803
-0.747806 -0.84197 -0.759515 -0.457812
0.730706 0.725641 0.652182 0.558281
-0.401518 -0.687818 -0.35404 -0.0337079
0.0667474 0.157495 0.130537 0.382821
-0.745935 -0.805097 -0.759511 -0.577797
0.73738 0.748015 0.700849 0.6467
-0.396236 -0.704437 -0.357963 0.00874071
1.46255 1.54722 1.42564 1.03902
-0.633557 -0.793152 -0.643828 -0.352522
-0.709339 -0.473936 -0.491822 -0.237428
-0.894435 -0.822313 -0.841589 -0.61005
1.84156 1.97526 1.83243 1.00297
-0.525616 -0.767039 -0.533692 -0.114734
1.15189 1.16649 1.06109 0.537152
-0.337207 -0.726816 -0.232273 0.562104
1.1028 1.13827 1.0563 0.832229
-0.34362 -0.667003 -0.252757 0.374286
0.0365745 0.124353 0.0888267 0.342967
-0.753743 -0.843781 -0.809198 -0.671824
0.717117 0.662475 0.599825 0.34189
-0.410872 -0.754754 -0.426598 -0.12179
1.43642 1.38138 1.28037 0.62056
-0.64424 -0.819407 -0.696509 -0.522135
-0.714342 -0.490426 -0.5274 -0.384058
-0.894734 -0.861857 -0.899718 -0.854975
1.80825 1.76515 1.62696 0.468909
-0.535163 -0.790417 -0.56818 -0.381233
1.7755 1.70608 1.5674 0.368492
-0.544182 -0.810779 -0.577434 -0.384179
1.11848 1.06766 0.971402 0.17419
-0.353143 -0.736686 -0.303207 0.245464
-0.731405 -0.522373 -0.560649 -0.260818
-0.899161 -0.859625 -0.902429 -0.815315
0.10634 0.139877 0.084696 -0.204602
-0.743486 -0.835317 -0.814682 -0.874718
0.725439 0.685021 0.611466 -0.0449483
-0.411101 -0.731524 -0.40895 -0.0844583
1.43976 1.36201 1.26326 0.389404
-0.642208 -0.825326 -0.706904 -0.635133
-0.71499 -0.500195 -0.533704 -0.379284
-0.894463 -0.857823 -0.900928 -0.803376
1.81927 1.77378 1.6517 0.322119
-0.537199 -0.78318 -0.563382 -0.342833
1.14697 1.057 0.974239 0.140695
-0.350837 -0.72377 -0.306355 0.0909429
0.045063 0.072835 0.0228347 -0.158781
-0.752115 -0.841267 -0.815976 -0.802611
0.727182 0.685711 0.611469 -0.187148
-0.416189 -0.74133 -0.42723 -0.280285
1.46282 1.40008 1.29312 0.139765
-0.644445 -0.824843 -0.704466 -0.624401
0.0784749 0.104992 0.0627901 -0.239986
-0.746464 -0.847492 -0.819969 -0.818464
0.746702 0.683896 0.625126 -0.0595755
-0.412646 -0.729123 -0.411715 -0.222323
1.4895 1.41039 1.31345 0.151063
-0.64337 -0.8218 -0.708643 -0.638955
-0.709355 -0.51446 -0.551358 -0.479485
-0.89577 -0.857194 -0.90161 -0.770794
1.85303 1.81504 1.70522 0.154844
-0.539556 -0.787384 -0.570867 -0.42816
1.16604 1.07657 0.998537 -0.0122757
-0.356113 -0.73923 -0.307392 0.0501348
-1.07119 -0.525515 -0.61173 -0.310414
0.762536 0.536265 0.377366 -0.0551161
1.12378 1.08953 0.940744 0.189348
9.2796 11.4245 9.65688 -2.33563
0.332626 0.36805 0.261651 -1.10874
9.20862 12.3056 10.4136 -2.30696
-0.316464 -0.256833 -0.323129 -1.24945
1.95631 1.6786 1.3664 -0.413489
0.231516 0.0938733 0.0201036 -0.685599
2.90015 3.54562 3.04017 0.441748
0.978358 0.621028 0.556784 0.0415206
1.5031 1.36086 1.09834 0.108065
0.670334 0.364603 0.312854 -0.155533
2.22896 2.43524 2.06753 1.07964
-0.161097 -0.2003 -0.253265 -0.480934
0.481699 0.297642 0.150039 -0.388082
0.310823 0.101602 0.0474895 -0.473474
3.447 3.31888 2.81788 0.746023
0.814853 0.520522 0.426563 -0.243254
2.83936 2.7113 2.29268 0.205231
-0.982257 -0.659311 -0.71162 -0.815763
-0.416755 -0.404307 -0.478865 -0.814734
1.00564 0.701352 0.615989 -0.303822
3.71891 3.93826 3.34515 0.0267911
-0.253831 -0.253098 -0.308855 -0.596504
1.20491 1.0366 0.803272 -0.338592
0.2082 0.0704604 0.0172048 -0.462468
2.99258 3.36668 2.86602 0.435847
0.848102 0.521072 0.465707 -0.107714
1.45492 1.34691 1.10372 0.103211
-0.935704 -0.662761 -0.722853 -0.735331
-0.691897 -0.633907 -0.710632 -0.852574
1.11199 0.753431 0.679596 -0.131113
1.90542 1.89999 1.57077 0.31003
0.591238 0.292551 0.234079 -0.200708
2.05234 2.23231 1.8694 0.588412
-0.927047 -0.666454 -0.727057 -0.576616
-0.768167 -0.711702 -0.794036 -0.759417
-0.130021 -0.199037 -0.249847 -0.430933
0.439007 0.283654 0.134547 -0.330436
0.311794 0.0848431 0.0332035 -0.287891
1.71508 1.85153 1.54999 0.432838
0.929151 0.540293 0.495337 0.00793869
0.982134 0.798231 0.611681 -0.0221081
1.09171 0.671709 0.625559 -0.00896687
1.44622 1.35355 1.10176 0.202779
0.609122 0.288732 0.240451 -0.12889
1.97745 2.07936 1.74879 0.498235
0.873211 0.492836 0.447324 -0.00570773
0.792559 0.6456 0.460993 -0.102211
-0.911631 -0.654666 -0.72027 -0.533436
-0.776332 -0.719537 -0.796709 -0.658654
1.15657 0.702602 0.658343 0.0236569
1.44029 1.39001 1.13647 0.180265
0.623016 0.290201 0.250254 -0.100062
1.57904 1.68368 1.39981 0.3794
-0.14195 -0.223026 -0.277784 -0.28865
0.0368318 -0.094408 -0.207807 -0.373711
0.329051 0.0866877 0.0349979 -0.22304
1.46023 1.49993 1.23492 0.220015
-0.126921 -0.20309 -0.245546 -0.247088
0.0601934 -0.0644949 -0.176773 -0.362898
0.352213 0.111901 0.0633386 -0.191514
1.35763 1.44052 1.188 0.196339
0.952571 0.583969 0.541649 0.00666799
0.548289 0.487282 0.317968 -0.195289
-0.898415 -0.631006 -0.676368 -0.396232
-0.837151 -0.74913 -0.814765 -0.56447
1.21581 0.808244 0.788092 0.0913286
0.901549 1.00706 0.777448 -0.0142947
0.680889 0.408902 0.386573 0.00275413
1.4512 1.62715 1.35906 0.0824073
0.668538 0.41403 0.403937 0.0229929
1.21177 1.47475 1.21504 0.194027
-0.112495 -0.145532 -0.159595 -0.146226
-0.144238 -0.187875 -0.262478 -0.339876
0.373013 0.181551 0.16001 -0.118518
1.05679 1.13303 0.924265 0.101393
0.968656 0.632757 0.615659 0.0824014
0.467344 0.449167 0.32864 -0.180406
-0.898305 -0.62084 -0.629834 -0.297818
-0.838167 -0.725666 -0.767379 -0.510715
1.21844 0.867138 0.856002 0.105057
0.925712 0.95347 0.775504 0.0380416
1.16221 0.753733 0.71941 0.0700043
0.847753 0.887334 0.684892 -0.101501
0.65899 0.401312 0.407756 0.046589
1.33595 1.5462 1.2836 0.0884921
-0.901706 -0.627671 -0.64475 -0.330751
-0.86982 -0.734699 -0.771376 -0.511659
-0.0508189 -0.120176 -0.119175 -0.175064
-0.0352096 -0.0668347 -0.145027 -0.348856
0.39115 0.189509 0.181098 -0.108681
0.847506 1.00422 0.80837 -0.0176897
1.00696 0.698722 0.688032 0.0618582
0.240268 0.216582 0.0944298 -0.303358
-0.883233 -0.586173 -0.612308 -0.36288
-0.867547 -0.755113 -0.799355 -0.599965
1.26486 0.8857 0.892077 0.137976
0.739729 0.838426 0.673649 -0.139816
0.723585 0.431035 0.427341 -0.0251275
1.15799 1.30211 1.0547 -0.163863
-0.0998775 -0.140209 -0.134571 -0.20321
-0.142011 -0.181019 -0.25297 -0.397762
0.401312 0.205385 0.200177 -0.139114
1.0548 1.21553 1.01348 -0.140666
1.01026 0.687563 0.687287 -0.00438432
0.318078 0.177531 0.0522223 -0.14681
-0.0591944 -0.172882 -0.2164 -0.192614
-0.220476 -0.327897 -0.429229 -0.376097
0.437612 0.153737 0.112999 -0.0836319
0.943457 0.830091 0.651927 0.0711422
1.02744 0.560512 0.527087 0.0951884
0.398585 0.207753 0.086041 -0.155309
-0.892276 -0.649337 -0.70661 -0.407196
-0.863502 -0.778522 -0.861035 -0.564221
1.29037 0.763622 0.728079 0.163811
0.881471 0.735706 0.557274 0.0151772
0.741507 0.353175 0.315037 0.0042165
1.27876 1.18689 0.966048 0.0983379
-0.806378 -0.642737 -0.677649 -0.263574
-0.943883 -0.87749 -0.880071 -0.402191
0.842336 0.856116 0.830639 0.385225
-0.820431 -0.976595 -0.741307 -0.00259797
0.438775 0.428484 0.388098 0.200888
-0.733586 -1.02703 -0.595389 0.308099
-0.334288 -0.255561 -0.288091 -0.0766741
-0.895058 -0.929568 -0.886695 -0.351519
0.182712 0.202336 0.172427 0.100337
-0.75998 -1.00961 -0.677976 0.13295
0.825302 0.801576 0.761456 0.327732
-0.865265 -0.980501 -0.843918 -0.195347
0.614397 0.593556 0.548094 0.21757
-0.737915 -1.0527 -0.598358 0.320175
-0.257416 -0.184828 -0.221887 -0.0611128
-0.892905 -0.946408 -0.896792 -0.32869
0.274937 0.29946 0.260217 0.0946794
-0.759519 -1.02089 -0.681003 0.148746
0.912474 0.910097 0.891194 0.348475
-0.861821 -0.985136 -0.851275 -0.183191
-0.780663 -0.590837 -0.633733 -0.235045
-0.937899 -0.8878 -0.910241 -0.393198
1.28545 1.2776 1.22776 0.38252
-0.808851 -0.997068 -0.750958 -0.00204685
-0.227611 -0.13884 -0.178161 -0.0670173
-0.929391 -0.931699 -0.886711 -0.293587
0.199419 0.30414 0.277157 0.10746
-0.777064 -1.0079 -0.659003 0.156697
0.75315 0.890827 0.861485 0.296414
-0.902267 -0.9851 -0.8459 -0.149866
-0.793352 -0.579926 -0.614073 -0.202754
-0.967548 -0.883617 -0.92027 -0.369567
1.0932 1.28693 1.23265 0.31599
-0.870064 -1.01166 -0.754865 0.0244258
0.52266 0.651775 0.622791 0.178122
-0.778983 -1.07327 -0.622678 0.299803
-0.803057 -0.598914 -0.6405 -0.209911
-0.92872 -0.889366 -0.936282 -0.346797
-0.158843 -0.08309 -0.107775 -0.0397641
-0.878307 -0.947562 -0.89758 -0.252979
0.349646 0.36374 0.317553 0.0679496
-0.749206 -1.03614 -0.674096 0.169333
0.977369 0.942197 0.908519 0.234881
-0.866134 -0.985824 -0.832756 -0.12262
1.29745 1.37442 1.30732 0.209457
-0.833173 -0.978797 -0.690504 0.00148083
0.715708 0.832373 0.811555 0.11265
-0.731919 -1.02397 -0.540868 0.222714
0.981861 1.13254 1.10523 0.177484
-0.872682 -0.952925 -0.751419 -0.122098
-0.772184 -0.522271 -0.518076 -0.193775
-0.94702 -0.852338 -0.832734 -0.30403
1.37122 1.5443 1.51025 0.205635
-0.830506 -0.955393 -0.671689 0.00127197
0.733025 0.820751 0.809574 0.105408
-0.724432 -1.0054 -0.506655 0.236213
-0.198802 -0.063661 -0.0438033 -0.0609564
-0.884741 -0.910649 -0.799694 -0.211398
0.380286 0.476833 0.48716 0.0513044
-0.748985 -0.97359 -0.573313 0.131044
-0.172434 -0.0403888 -0.0208814 -0.0506169
-0.880252 -0.893369 -0.80429 -0.217818
0.38391 0.485987 0.491444 0.0483152
-0.743699 -0.973496 -0.576619 0.139887
1.03651 1.1475 1.15197 0.163351
-0.85964 -0.933997 -0.746855 -0.106654
-0.762775 -0.525342 -0.504253 -0.168492
-0.950658 -0.83917 -0.815336 -0.284567
1.40122 1.55541 1.52975 0.184808
-0.826972 -0.960644 -0.66636 0.0228678
0.757841 0.852248 0.849677 0.0992075
-0.730802 -1.02017 -0.500232 0.238241
0.714296 0.816448 0.81557 0.0992362
-0.732359 -1.02439 -0.517553 0.240197
-0.186437 -0.0633602 -0.0384001 -0.0495032
-0.887173 -0.883991 -0.787554 -0.197504
0.395692 0.509281 0.510379 0.0362072
-0.751593 -0.98754 -0.580435 0.147094
1.06002 1.13967 1.1188 0.167298
-0.870926 -0.974705 -0.796393 -0.0904826
-0.756196 -0.527145 -0.5441 -0.179629
-0.959028 -0.863423 -0.856889 -0.273434
1.44284 1.5657 1.54461 0.199264
-0.833554 -0.984716 -0.71497 0.039363
1.3825 1.4869 1.44736 0.174786
-0.842053 -0.997141 -0.717559 0.0309307
0.775172 0.859601 0.824014 0.0797767
-0.740546 -1.03786 -0.531173 0.257342
-0.768092 -0.550569 -0.546647 -0.157895
-0.968515 -0.882697 -0.862531 -0.257242
-0.0925883 0.042063 0.0593181 -0.0418308
-0.89398 -0.890077 -0.788788 -0.176351
0.378383 0.515829 0.524901 0.0277057
-0.77332 -0.999979 -0.593112 0.124684
0.9833 1.11731 1.08533 0.144193
-0.854314 -0.982781 -0.805491 -0.0677611
-0.749768 -0.540137 -0.566759 -0.158633
-0.962649 -0.884273 -0.892796 -0.249326
1.47054 1.53282 1.49284 0.173885
-0.83727 -1.01487 -0.719255 0.0640606
0.792133 0.838646 0.80108 0.0840354
-0.734627 -1.08027 -0.586019 0.253961
-0.149075 -0.0743365 -0.0760574 -0.0548612
-0.892517 -0.940687 -0.86446 -0.161157
0.435298 0.481032 0.465461 0.0378401
-0.750305 -1.03232 -0.651483 0.153611
1.12312 1.1664 1.1231 0.136508
-0.871006 -0.996761 -0.825931 -0.0580647
-0.129535 -0.0334081 -0.0601045 -0.0544682
-0.884994 -0.933384 -0.874897 -0.165844
0.463143 0.492339 0.473316 0.0286979
-0.745312 -1.01883 -0.628138 0.160138
1.1253 1.14793 1.12303 0.134354
-0.870914 -0.989934 -0.818182 -0.0570967
-0.741786 -0.540815 -0.555781 -0.140021
-0.96852 -0.877375 -0.898326 -0.235267
1.49996 1.57067 1.52579 0.156948
-0.837729 -1.02469 -0.742923 0.0465603
0.820894 0.848495 0.824191 0.0671555
-0.732256 -1.08846 -0.594038 0.234214
-0.745882 -0.545866 -0.571707 -0.140686
-0.974868 -0.87694 -0.894533 -0.213997
1.42815 1.52636 1.47797 0.147527
-0.829136 -1.02166 -0.747715 0.0566436
0.808041 0.829583 0.819051 0.0767183
-0.731259 -1.0906 -0.535408 0.165544
-0.146904 -0.0544443 -0.0708584 -0.0531167
-0.892334 -0.933297 -0.870249 -0.142281
0.440804 0.494876 0.478555 0.02598
-0.753564 -1.03627 -0.633966 0.160753
1.1071 1.16853 1.13199 0.105078
-0.873091 -0.986147 -0.817263 -0.0447236
0.827652 0.857603 0.842379 0.0720477
-0.734358 -1.06875 -0.573031 0.243424
-0.148548 -0.0338148 -0.0515857 -0.0520452
-0.894784 -0.956015 -0.876093 -0.137974
0.435875 0.486401 0.457586 0.019901
-0.7587 -1.04902 -0.660331 0.146342
0.918481 1.1262 1.09511 0.109404
-0.922143 -1.01195 -0.835804 -0.043919
-0.744266 -0.540732 -0.569791 -0.130953
-0.967673 -0.875866 -0.903739 -0.199296
1.50912 1.53539 1.48654 0.133826
-0.832947 -1.04162 -0.747763 0.077729
-0.115684 -0.0562711 -0.0940869 -0.0507522
-0.886814 -0.980227 -0.908787 -0.128619
0.473497 0.461207 0.419235 0.0208992
-0.743004 -1.05747 -0.671158 0.173395
1.13387 1.09158 1.05723 0.115129
-0.867258 -1.01182 -0.854561 -0.0307377
-0.738726 -0.551207 -0.598655 -0.125532
-0.966563 -0.904225 -0.946856 -0.197498
1.51295 1.45192 1.39324 0.143351
-0.827674 -1.04823 -0.773153 0.0735975
0.826815 0.762902 0.720162 0.0685193
-0.727235 -1.10429 -0.612698 0.254515
-0.75288 -0.57317 -0.627236 -0.128399
-0.971913 -0.900594 -0.945341 -0.187142
-0.0607743 -0.0199095 -0.0523157 -0.0404843
-0.874285 -0.961244 -0.91591 -0.114171
0.467714 0.450082 0.40584 0.0206728
-0.744572 -1.06221 -0.674142 0.171157
1.11527 1.06985 1.03642 0.109814
-0.865968 -1.02033 -0.86329 -0.0192185
1.42181 1.36031 1.30557 0.129486
-0.836003 -1.061 -0.790236 0.0761099
0.807677 0.760726 0.721225 0.062636
-0.728197 -1.10705 -0.588094 0.257772
1.08592 1.0246 0.982774 0.101764
-0.869715 -1.01948 -0.864358 -0.021691
-0.744821 -0.564057 -0.609222 -0.118604
-0.972914 -0.899171 -0.947522 -0.182271
1.46703 1.42325 1.37476 0.135974
-0.825025 -1.0465 -0.768993 0.0815851
0.780446 0.737148 0.700303 0.0602058
-0.726061 -1.08801 -0.603384 0.243866
-0.177927 -0.117579 -0.157151 -0.0482133
-0.889417 -0.963109 -0.918253 -0.105931
0.376372 0.371803 0.351584 0.0181283
-0.749001 -1.04325 -0.627644 0.165352
-0.18071 -0.107246 -0.127251 -0.0459434
-0.888533 -0.943904 -0.883583 -0.104848
0.344015 0.364048 0.338722 0.0141732
-0.751714 -1.0565 -0.63674 0.167139
0.889713 0.900468 0.896529 0.0882138
-0.907358 -1.00183 -0.806934 -0.00736243
-0.782606 -0.594614 -0.598632 -0.108792
-0.977262 -0.88291 -0.899569 -0.162692
1.08266 1.20081 1.20289 0.121734
-0.862988 -1.02748 -0.724289 0.0777116
0.495009 0.583724 0.580791 0.0520043
-0.766219 -1.06733 -0.533505 0.228272
0.441851 0.525511 0.518738 0.046173
-0.77306 -1.08628 -0.550863 0.231204
-0.334015 -0.214933 -0.228477 -0.0468858
-0.926221 -0.947784 -0.887755 -0.0949725
0.130307 0.228726 0.227308 0.0138786
-0.778731 -1.0344 -0.63209 0.148293
0.648716 0.771646 0.762772 0.0763247
-0.912537 -0.997239 -0.802711 -0.00128476
-0.798041 -0.610896 -0.639579 -0.107819
-0.960021 -0.907765 -0.906164 -0.143428
1.09507 1.15976 1.13642 0.102568
-0.841786 -1.01276 -0.72184 0.0754148
1.05256 1.06598 1.05276 0.101257
-0.848037 -1.01089 -0.726971 0.066686
0.521873 0.529102 0.514044 0.0424917
-0.748609 -1.06941 -0.56642 0.210787
-0.808291 -0.607281 -0.610899 -0.0952049
-0.960885 -0.888648 -0.903426 -0.139178
-0.251189 -0.1604 -0.173785 -0.0375792
-0.898229 -0.942946 -0.873372 -0.0801198
0.180272 0.226279 0.224597 0.0177107
-0.764625 -1.03683 -0.60514 0.158492
0.743772 0.765809 0.750253 0.0756493
-0.876159 -0.98252 -0.795324 -0.000862846
-0.802197 -0.605564 -0.631068 -0.0999694
-0.955331 -0.888685 -0.88919 -0.135854
1.06333 1.10199 1.08657 0.104734
-0.843234 -1.01673 -0.729863 0.0697579
0.494779 0.502627 0.49718 0.047212
-0.749075 -1.05555 -0.547889 0.211058
-0.324049 -0.23497 -0.246759 -0.0428959
-0.905845 -0.943562 -0.867647 -0.0783357
0.147569 0.19622 0.186074 0.00996292
-0.771542 -1.03263 -0.620247 0.148772
0.716621 0.754821 0.747795 0.0713403
-0.8803 -0.987435 -0.811968 -0.0102231
-0.311718 -0.217631 -0.232265 -0.0399706
-0.906112 -0.949134 -0.878967 -0.0750665
0.145548 0.195498 0.198877 0.0169409
-0.77157 -1.01947 -0.640349 0.133963
0.700998 0.73825 0.725557 0.0743964
-0.879786 -0.978482 -0.787008 0.00142255
-0.810036 -0.608334 -0.622242 -0.087627
-0.955722 -0.907439 -0.909415 -0.123278
0.991616 1.05719 1.03555 0.0941662
-0.840876 -0.997463 -0.717347 0.065421
0.438195 0.490496 0.485949 0.0412646
-0.746781 -1.04094 -0.544188 0.197747
-0.930698 -0.740758 -0.767817 -0.103614
-0.937673 -0.863873 -0.905673 -0.134995
0.778904 0.684269 0.724133 0.101968
-0.793021 -0.862724 -0.72163 0.0288108
0.442196 0.263265 0.294431 0.0428303
-0.695587 -0.689826 -0.732216 0.0163634
-0.204427 -0.271122 -0.269649 -0.0352062
-0.867096 -0.830479 -0.874083 -0.0962403
0.272118 0.0917878 0.100403 0.0105345
-0.655692 -0.642841 -0.691078 -0.0206691
0.868064 0.600209 0.617409 0.0651446
-0.794606 -0.758465 -0.814102 -0.0696819
0.516585 0.26907 0.293087 0.0341291
-0.632248 -0.618524 -0.679962 0.00269647
-0.219452 -0.300808 -0.29359 -0.0397046
-0.860554 -0.818291 -0.879033 -0.0971371
0.209384 0.024998 0.0358134 0.00139064
-0.535138 -0.538769 -0.614375 -0.0117075
0.733488 0.451255 0.474345 0.050743
-0.677764 -0.649132 -0.713258 -0.0576215
-0.901928 -0.720949 -0.755784 -0.109871
-0.942724 -0.842536 -0.905103 -0.127385
0.886399 0.5972 0.626783 0.0675569
-0.586426 -0.541566 -0.613942 -0.0317059
-0.282937 -0.343836 -0.340819 -0.0505419
-0.774394 -0.737169 -0.798802 -0.0883404
0.112704 -0.0521939 -0.0404891 -0.0141405
-0.467558 -0.43377 -0.517337 -0.00583787
0.652953 0.406492 0.4221 0.0366261
-0.693787 -0.65138 -0.722059 -0.0590616
-0.897783 -0.721997 -0.758324 -0.111502
-0.958405 -0.86089 -0.921378 -0.128731
0.839854 0.581537 0.610718 0.0606695
-0.580784 -0.532104 -0.601929 -0.0292771
0.336795 0.127079 0.137128 0.00399208
-0.450369 -0.416402 -0.497209 0.0162535
-0.903048 -0.720091 -0.756763 -0.110588
-0.962309 -0.863296 -0.924377 -0.126676
-0.256315 -0.307939 -0.307088 -0.0455729
-0.752816 -0.719074 -0.771821 -0.0844126
0.116738 -0.0351039 -0.0288306 -0.016195
-0.454523 -0.416136 -0.500088 -0.00460596
0.652794 0.432486 0.451999 0.0359876
-0.657577 -0.62718 -0.688962 -0.0557027
0.762958 0.510969 0.536597 0.0454448
-0.563239 -0.518656 -0.594798 -0.0286433
0.314811 0.123059 0.138932 0.00228721
-0.399517 -0.349826 -0.439046 0.0170559
0.554579 0.327313 0.349812 0.0268869
-0.661924 -0.629749 -0.695888 -0.0566054
-0.903816 -0.71494 -0.765768 -0.114846
-0.961211 -0.862649 -0.927772 -0.129409
0.775497 0.541922 0.57288 0.0544824
-0.529766 -0.469883 -0.541992 -0.0212885
0.309522 0.146844 0.150557 -0.00308143
-0.409711 -0.362296 -0.435926 0.0200225
-0.309159 -0.330048 -0.348333 -0.0584744
-0.774541 -0.739345 -0.800161 -0.0893368
0.0718599 -0.0330235 -0.0362564 -0.0235513
-0.411802 -0.342247 -0.421759 0.00142163
-0.29417 -0.297943 -0.288636 -0.0488446
-0.766765 -0.72241 -0.754352 -0.0842494
0.0913677 0.0455643 0.0522345 -0.0215105
-0.425292 -0.302846 -0.389866 -0.0143613
0.536002 0.459852 0.485641 0.0278973
-0.673282 -0.583142 -0.613941 -0.0495966
-0.912664 -0.703375 -0.734382 -0.113603
-0.972093 -0.854139 -0.919793 -0.132604
0.635533 0.636019 0.691161 0.0472078
-0.593391 -0.431196 -0.49939 -0.0354867
0.191567 0.197465 0.237602 0.000223697
-0.421925 -0.257302 -0.326917 0.015676
0.175851 0.191034 0.238388 0.000733644
-0.460525 -0.288286 -0.362907 0.00542077
-0.393193 -0.316454 -0.300523 -0.0547408
-0.808166 -0.720943 -0.747534 -0.0834953
-0.0473262 -0.0206166 0.0279471 -0.0152885
-0.486836 -0.309345 -0.379776 -0.00980578
0.353877 0.442378 0.484217 0.0186776
-0.697446 -0.554287 -0.614059 -0.0500798
-0.925841 -0.717681 -0.732238 -0.109671
-0.97123 -0.815217 -0.84285 -0.121282
0.512135 0.622196 0.679633 0.0439452
-0.588931 -0.412388 -0.484401 -0.0295051
0.432188 0.512361 0.571487 0.0299717
-0.60022 -0.426909 -0.493201 -0.0315718
0.0959313 0.125357 0.139356 -0.0100471
-0.433108 -0.210149 -0.288757 0.0302594
-0.934945 -0.704916 -0.743308 -0.111506
-0.976371 -0.87256 -0.924519 -0.125619
-0.37682 -0.287608 -0.288217 -0.0454024
-0.77113 -0.700816 -0.747683 -0.0777162
-0.0932359 -0.0435466 -0.023401 -0.0197877
-0.511842 -0.322713 -0.38842 0.0129364
0.308577 0.37644 0.412333 0.0272577
-0.713832 -0.606054 -0.669223 -0.0557729
-0.925967 -0.703213 -0.716793 -0.103526
-0.977007 -0.841555 -0.894253 -0.126495
0.535884 0.58239 0.641324 0.0459426
-0.569943 -0.4093 -0.462736 -0.0223742
0.129155 0.192271 0.2562 0.0017423
-0.41982 -0.197354 -0.266703 0.0179906
-0.41877 -0.309469 -0.280838 -0.0519592
-0.738408 -0.680892 -0.705437 -0.0747524
0.1544 0.035783 0.0806056 -0.0130652
-0.268314 -0.233277 -0.316778 0.00982076
0.700545 0.417412 0.442173 0.0212901
-0.571736 -0.571776 -0.63152 -0.0452419
-0.238196 -0.286287 -0.300682 -0.0563676
-0.746009 -0.702181 -0.734072 -0.079809
0.172713 0.0538174 0.0771222 -0.0216486
-0.281939 -0.293307 -0.342577 0.0238335
0.710811 0.46073 0.495084 0.0144651
-0.551844 -0.542998 -0.609728 -0.0525478
-0.89705 -0.713587 -0.752235 -0.105251
-0.963149 -0.863168 -0.936289 -0.124504
0.925886 0.588924 0.622839 0.0498141
-0.36501 -0.391116 -0.470719 -0.0102857
0.483345 0.186794 0.201834 -0.000897206
-0.122929 -0.183417 -0.274476 0.0352085
-0.896576 -0.705025 -0.747943 -0.106001
-0.966167 -0.874618 -0.930341 -0.11903
0.99472 0.610713 0.64251 0.0460973
-0.38483 -0.419662 -0.492177 -0.0122793
0.491673 0.201147 0.20383 -0.00221369
-0.191381 -0.250202 -0.329374 0.0343221
-0.2163 -0.307452 -0.314618 -0.0501454
-0.734335 -0.729303 -0.796153 -0.0768502
0.235178 0.0018766 0.00121353 -0.0191619
-0.211913 -0.260244 -0.3352 0.0229627
0.80199 0.43311 0.463473 0.0280734
-0.535613 -0.570432 -0.652557 -0.0417358
0.52563 0.214088 0.227561 0.00357471
-0.134688 -0.209938 -0.302206 0.0392716
-0.214074 -0.316921 -0.318714 -0.0495599
-0.716418 -0.711549 -0.777008 -0.0729336
0.219165 -0.0056025 0.0024422 -0.0174163
-0.265403 -0.309243 -0.385774 0.0232174
0.746876 0.422179 0.445888 0.0279726
-0.558279 -0.577308 -0.6605 -0.0423681
-0.89203 -0.711527 -0.749489 -0.101595
-0.966379 -0.864927 -0.950787 -0.12322
0.92285 0.588977 0.631077 0.0524144
-0.369448 -0.400413 -0.480129 -0.0065825
-0.230544 -0.314671 -0.310701 -0.0463592
-0.737151 -0.728665 -0.805743 -0.0751233
0.173723 -0.00821702 -0.0040956 -0.0167132
-0.279448 -0.30744 -0.381878 0.0248311
0.698786 0.393151 0.418956 0.0262241
-0.57042 -0.586597 -0.648831 -0.0369078
-0.893104 -0.702312 -0.741864 -0.0993465
-0.970344 -0.869063 -0.940185 -0.117044
0.90006 0.602799 0.654767 0.053903
-0.391176 -0.418375 -0.481973 -0.00463338
0.42655 0.187301 0.209158 0.0034157
-0.241508 -0.273458 -0.350508 0.0367448
-0.899359 -0.70604 -0.756048 -0.10216
-0.975262 -0.878839 -0.954378 -0.119326
-0.197288 -0.268356 -0.256527 -0.038859
-0.691394 -0.689805 -0.760149 -0.0685742
0.18879 0.00308929 0.0167382 -0.0147704
-0.264902 -0.290904 -0.352337 0.0266253
0.72861 0.446616 0.466887 0.0253417
-0.543183 -0.557953 -0.631233 -0.039446
0.885945 0.551962 0.5822 0.0351022
-0.387933 -0.401558 -0.481749 -0.00829238
0.431854 0.191689 0.204999 -0.000851556
-0.163437 -0.178734 -0.254627 0.0448002
0.666624 0.389592 0.409661 0.0178363
-0.555659 -0.5651 -0.643886 -0.0401161
-0.897969 -0.715653 -0.758528 -0.100291
-0.968951 -0.861011 -0.945378 -0.117145
0.890953 0.591192 0.635984 0.0462636
-0.343002 -0.34932 -0.419512 0.000189918
0.421274 0.195354 0.207841 -0.0019541
-0.207442 -0.217189 -0.304343 0.0377516
-0.247626 -0.308982 -0.308781 -0.0471933
-0.733162 -0.722632 -0.78515 -0.0694821
0.179346 0.00543032 0.0159725 -0.0180443
-0.224569 -0.222406 -0.29904 0.0187879
-0.225385 -0.266687 -0.271177 -0.0464172
-0.718652 -0.68596 -0.736475 -0.0675246
0.200306 0.0551526 0.0819194 -0.0157121
-0.225572 -0.228028 -0.29391 0.0280025
0.71274 0.430403 0.462532 0.0246236
-0.553185 -0.563753 -0.63566 -0.0356459
-0.897129 -0.708997 -0.751854 -0.102018
-0.975469 -0.839756 -0.88187 -0.108365
0.897082 0.657531 0.726959 0.0446931
-0.399806 -0.389032 -0.447972 0.00114171
0.424592 0.206616 0.21568 -0.00137733
-0.175974 -0.220491 -0.284744 0.0468656
0.413975 0.192537 0.216841 0.00340492
-0.23023 -0.24238 -0.312798 0.0436767
-0.250484 -0.30105 -0.304004 -0.0459745
-0.751585 -0.732841 -0.792932 -0.0702559
0.167471 0.0124288 0.0086737 -0.0197074
-0.271506 -0.229305 -0.302122 0.0124116
0.668191 0.49812 0.543585 0.0177751
-0.555304 -0.554542 -0.624024 -0.0366784
-0.901581 -0.690875 -0.712214 -0.0946449
-0.973977 -0.865839 -0.942514 -0.114149
0.849639 0.59954 0.646621 0.0473491
-0.38001 -0.370011 -0.440931 -0.00351468
0.771721 0.52178 0.556015 0.0319576
-0.408029 -0.404973 -0.475062 -0.00648147
0.361113 0.175887 0.196892 -0.00172499
-0.182861 -0.154299 -0.24725 0.0249837
-0.911539 -0.71214 -0.762817 -0.100453
-0.981049 -0.866288 -0.926344 -0.107166
-0.224351 -0.260405 -0.259128 -0.0419166
-0.700843 -0.683377 -0.746046 -0.0640382
0.123509 0.0089048 0.0168825 -0.0199528
-0.316922 -0.283104 -0.359969 0.0210237
0.604045 0.435851 0.45952 0.0212627
-0.611053 -0.591551 -0.655572 -0.0364501
-0.90435 -0.701842 -0.74816 -0.0967847
-0.981214 -0.87059 -0.945578 -0.111494
0.767427 0.620648 0.661976 0.0427229
-0.427685 -0.384539 -0.464115 -0.00564315
0.310431 0.172184 0.184317 -0.00156998
-0.23944 -0.219165 -0.297074 0.0423515
-0.307731 -0.316943 -0.333109 -0.0489258
-0.741779 -0.716958 -0.781962 -0.0640413
0.0647085 -0.0124881 -0.00843784 -0.0188798
-0.28587 -0.249486 -0.330058 0.0266543
0.502958 0.366867 0.415508 0.0243304
-0.606173 -0.570136 -0.635245 -0.0332929
-0.314461 -0.316427 -0.311685 -0.0442611
-0.776566 -0.733703 -0.770614 -0.0601688
0.0253362 -0.0223918 -0.00779215 -0.0170099
-0.337347 -0.297355 -0.35462 0.0249873
0.435699 0.329186 0.369006 0.0181994
-0.613962 -0.566176 -0.635301 -0.0346337
-0.916134 -0.713956 -0.751811 -0.0926445
-0.973749 -0.868061 -0.943854 -0.108213
0.580148 0.493686 0.548732 0.0440765
-0.462216 -0.411672 -0.485368 -0.00231001
0.175143 0.0917455 0.121204 0.000127762
-0.283595 -0.23436 -0.301441 0.0483602
-0.899098 -0.706209 -0.734141 -0.0845953
-0.955063 -0.858813 -0.922689 -0.102489
0.850195 0.709446 0.734165 0.0528663
-0.634788 -0.545846 -0.601622 -0.00444351
0.337974 0.247329 0.288054 0.017158
-0.568916 -0.496073 -0.543319 0.0337572
-0.311027 -0.307324 -0.302559 -0.0357269
-0.812752 -0.776109 -0.824828 -0.0630135
0.0764793 0.00290185 0.026428 -0.00631811
-0.561197 -0.466717 -0.5247 0.0188746
0.583097 0.488857 0.526637 0.0369065
-0.705327 -0.653038 -0.711996 -0.0347386
0.240581 0.160982 0.196781 0.0109586
-0.437213 -0.321312 -0.400379 0.0439996
-0.386034 -0.380954 -0.373334 -0.0412841
-0.754815 -0.706553 -0.762191 -0.0569292
-0.0369924 -0.0857181 -0.0579637 -0.0125031
-0.467564 -0.330947 -0.399396 0.02764
0.39422 0.350408 0.386776 0.0238066
-0.615523 -0.516618 -0.587769 -0.0264585
-0.934621 -0.735217 -0.767127 -0.0861334
-0.946596 -0.849 -0.916847 -0.10047
0.473318 0.475833 0.523279 0.0406815
-0.514418 -0.303124 -0.38519 0.0064074
-0.480659 -0.401351 -0.383998 -0.0414257
-0.738659 -0.649371 -0.722442 -0.0566056
-0.216365 -0.141024 -0.116551 -0.0180746
-0.474952 -0.207744 -0.28138 0.0350624
0.102088 0.254003 0.304687 0.0233248
-0.697996 -0.504008 -0.576993 -0.0244239
-0.956474 -0.739815 -0.765254 -0.0849573
-0.965468 -0.856525 -0.917112 -0.0980814
0.168437 0.387859 0.433936 0.0372421
-0.616213 -0.323597 -0.408345 0.0029272
-0.187874 0.0067196 0.0296621 -0.00427269
-0.53602 -0.170452 -0.263923 0.0473283
-0.965738 -0.747748 -0.779148 -0.0869728
-0.971685 -0.857529 -0.926917 -0.0987482
-0.41238 -0.36264 -0.359249 -0.0404485
-0.664924 -0.60448 -0.664569 -0.0509395
-0.146251 -0.13869 -0.120746 -0.018471
-0.35334 -0.151791 -0.231318 0.0350764
0.210225 0.269588 0.307114 0.0182559
-0.599769 -0.475677 -0.542159 -0.0219952
0.230422 0.346441 0.387614 0.026078
-0.568305 -0.3133 -0.397124 0.00381795
-0.213999 -0.027791 0.00148501 -0.00535706
-0.47722 -0.0698239 -0.152732 0.0552153
-0.115734 0.1337 0.182179 0.0130436
-0.71786 -0.489371 -0.56215 -0.023362
-0.977806 -0.742247 -0.78015 -0.0884883
-0.98709 -0.849139 -0.918507 -0.0977339
0.606374 0.402423 0.446016 0.0298727
-0.256904 -0.188438 -0.286057 0.0054314
0.154109 0.0279094 0.0654041 -0.0032721
-0.146596 -0.0222798 -0.125186 0.0484673
-0.41014 -0.405691 -0.403243 -0.0461432
-0.673488 -0.651263 -0.708684 -0.0530115
-0.0869743 -0.123774 -0.109736 -0.0214573
-0.179282 -0.0732781 -0.170342 0.0323419
-0.413009 -0.391615 -0.388298 -0.043305
-0.669538 -0.633688 -0.699829 -0.052522
-0.105891 -0.124871 -0.105235 -0.0176571
-0.266058 -0.0918357 -0.184184 0.0328912
0.203616 0.232352 0.274287 0.0164582
-0.581723 -0.476075 -0.545156 -0.0232887
-0.946395 -0.734917 -0.772908 -0.0856351
-0.961785 -0.849644 -0.927664 -0.0989574
0.209307 0.368403 0.417071 0.0347591
-0.548275 -0.298318 -0.380505 0.00282722
-0.182461 -0.0164883 0.029129 -0.00204242
-0.398876 -0.0720728 -0.188493 0.0377807
-0.199593 -0.00295221 0.0430254 -0.00135987
-0.123154 0.00566648 -0.0956998 0.0428918
-0.39594 -0.384991 -0.382132 -0.0433204
-0.683921 -0.669506 -0.734472 -0.0550873
-0.0192267 -0.104453 -0.0846138 -0.0184489
-0.163666 -0.114348 -0.203685 0.0293791
0.436081 0.262101 0.30796 0.0180488
-0.465151 -0.457383 -0.530142 -0.0243465
-0.920553 -0.728621 -0.764119 -0.0842505
-0.947675 -0.854199 -0.915282 -0.0939737
0.604083 0.436421 0.499429 0.0369539
-0.288551 -0.221039 -0.31372 0.0043279
0.530799 0.364146 0.407704 0.0239283
-0.329534 -0.302876 -0.362274 0.0057672
0.144987 0.0388358 0.0751431 -0.00287143
-0.0776315 0.012823 -0.0837525 0.0501658
-0.931044 -0.73346 -0.766402 -0.0825704
-0.960036 -0.857364 -0.92555 -0.0952497
-0.368633 -0.35569 -0.340485 -0.0374237
-0.63127 -0.606845 -0.662515 -0.047742
-0.0615104 -0.123853 -0.0825312 -0.0159893
-0.238291 -0.11378 -0.200369 0.0269867
0.37566 0.288011 0.351104 0.0189698
-0.543928 -0.487461 -0.549252 -0.0255028
-0.924191 -0.718636 -0.738649 -0.079719
-0.962158 -0.849706 -0.912341 -0.0938445
0.537246 0.487523 0.544781 0.0324876
-0.341291 -0.233889 -0.301233 0.00427749
0.128178 0.0617722 0.100269 -0.00112431
-0.147358 -0.0318488 -0.123091 0.0455757
-0.427121 -0.384154 -0.379254 -0.042073
-0.679918 -0.639356 -0.703155 -0.0516682
-0.0940072 -0.119454 -0.0931098 -0.0172846
-0.171305 -0.0543543 -0.144904 0.0299903
0.330643 0.252423 0.293434 0.0137387
-0.512947 -0.456238 -0.530643 -0.023559
-0.412522 -0.373898 -0.37205 -0.0426208
-0.701419 -0.664172 -0.726957 -0.0522539
-0.0926059 -0.106015 -0.0835347 -0.0179034
-0.226569 -0.120161 -0.213847 0.0263116
0.307433 0.232846 0.281457 0.0151512
-0.49905 -0.445218 -0.520262 -0.0220189
-0.932433 -0.717815 -0.756681 -0.0830044
-0.95428 -0.852206 -0.927622 -0.0945901
0.464298 0.407098 0.459737 0.0328018
-0.323188 -0.217215 -0.290732 0.00915435
0.0704914 0.0472835 0.0975122 -9.11767E-05
-0.118616 0.0449957 -0.051316 0.0490083
-0.813431 -0.570258 -0.500748 -0.0335181
-0.945837 -0.84371 -0.912345 -0.093286
2.75626 2.8271 2.81196 0.133511
-0.573481 -0.4764 -0.508466 0.00547144
1.77378 1.76661 1.80961 0.0932299
-0.557345 -0.491638 -0.522456 0.0379085
0.403714 0.367021 0.44861 0.0309024
-0.839411 -0.785978 -0.830167 -0.0553789
1.26032 1.24178 1.29175 0.0674612
-0.599265 -0.542213 -0.577512 0.0211851
