-0.70726 -0.466707 -0.497606 -0.499819
-0.896498 -0.83761 -0.853855 -0.870081
1.84966 1.95624 1.79213 1.52253
-0.522108 -0.752856 -0.52414 -0.334148
1.15988 1.20431 1.09243 0.874976
-0.326456 -0.703011 -0.154761 0.850197
0.0506817 0.148897 0.0774389 0.20803
-0.747806 -0.849209 -0.767423 -0.457812
0.730706 0.747269 0.660029 0.558281
-0.401518 -0.700392 -0.36007 -0.0337079
0.0667474 0.172765 0.132829 0.382821
-0.745935 -0.814533 -0.767365 -0.577797
0.73738 0.771993 0.709069 0.6467
-0.396236 -0.716503 -0.364077 0.00874071
1.46255 1.57509 1.44114 1.03902
-0.633557 -0.805201 -0.651476 -0.352522
-0.709339 -0.469065 -0.495888 -0.237428
-0.894435 -0.827162 -0.849536 -0.61005
1.84156 2.00814 1.85207 1.00297
-0.525616 -0.779448 -0.540737 -0.114734
1.15189 1.19199 1.07307 0.537152
-0.337207 -0.735367 -0.237899 0.562104
1.1028 1.16472 1.06811 0.832229
-0.34362 -0.681372 -0.258475 0.374286
0.0365745 0.138446 0.0907558 0.342967
-0.753743 -0.853798 -0.817421 -0.671824
0.717117 0.685063 0.60723 0.34189
-0.410872 -0.766569 -0.433064 -0.12179
1.43642 1.4105 1.29465 0.62056
-0.64424 -0.831842 -0.704351 -0.522135
-0.714342 -0.48611 -0.53162 -0.384058
-0.894734 -0.867725 -0.908036 -0.854975
1.80825 1.7959 1.64473 0.468909
-0.535163 -0.803528 -0.575445 -0.381233
1.7755 1.73549 1.58454 0.368492
-0.544182 -0.823282 -0.584824 -0.384179
1.11848 1.09361 0.982646 0.17419
-0.353143 -0.746156 -0.309061 0.245464
-0.731405 -0.519094 -0.565227 -0.260818
-0.899161 -0.8658 -0.910748 -0.815315
0.10634 0.154141 0.0868287 -0.204602
-0.743486 -0.846149 -0.822884 -0.874718
0.725439 0.707394 0.619069 -0.0449483
-0.411101 -0.743061 -0.41529 -0.0844583
1.43976 1.39104 1.27733 0.389404
-0.642208 -0.838435 -0.714862 -0.635133
-0.71499 -0.495887 -0.538013 -0.379284
-0.894463 -0.86378 -0.909233 -0.803376
1.81927 1.80657 1.66972 0.322119
-0.537199 -0.796387 -0.570641 -0.342833
1.14697 1.08395 0.985484 0.140695
-0.350837 -0.734879 -0.312278 0.0909429
0.045063 0.086276 0.0243139 -0.158781
-0.752115 -0.852076 -0.824233 -0.802611
0.727182 0.708333 0.619101 -0.187148
-0.416189 -0.754728 -0.433787 -0.280285
1.46282 1.4292 1.30757 0.139765
-0.644445 -0.838135 -0.712436 -0.624401
0.0784749 0.120046 0.0646918 -0.239986
-0.746464 -0.858124 -0.82826 -0.818464
0.746702 0.707627 0.632821 -0.0595755
-0.412646 -0.742339 -0.418143 -0.222323
1.4895 1.44116 1.32812 0.151063
-0.64337 -0.836409 -0.716693 -0.638955
-0.709355 -0.510554 -0.55583 -0.479485
-0.89577 -0.863311 -0.909925 -0.770794
1.85303 1.85088 1.72388 0.154844
-0.539556 -0.801803 -0.578251 -0.42816
1.16604 1.10485 1.01008 -0.0122757
-0.356113 -0.750248 -0.313404 0.0501348
-1.07119 -0.523805 -0.616615 -0.310414
0.762536 0.554207 0.382995 -0.0551161
1.12378 1.10878 0.951499 0.189348
9.2796 11.4735 9.758 -2.33563
0.332626 0.382303 0.265656 -1.10874
9.20862 12.3203 10.52 -2.30696
-0.316464 -0.249358 -0.325084 -1.24945
1.95631 1.691 1.38149 -0.413489
0.231516 0.106844 0.0217171 -0.685599
2.90015 3.54104 3.07031 0.441748
0.978358 0.643312 0.563888 0.0415206
1.5031 1.3575 1.10958 0.108065
0.670334 0.384581 0.317512 -0.155533
2.22896 2.40774 2.08633 1.07964
-0.161097 -0.190013 -0.254417 -0.480934
0.481699 0.293621 0.151954 -0.388082
0.310823 0.116786 0.0494009 -0.473474
3.447 3.30391 2.84518 0.746023
0.814853 0.538493 0.432379 -0.243254
2.83936 2.71847 2.31629 0.205231
-0.982257 -0.658088 -0.717681 -0.815763
-0.416755 -0.403157 -0.482748 -0.814734
1.00564 0.721932 0.623613 -0.303822
3.71891 3.9393 3.37887 0.0267911
-0.253831 -0.243981 -0.310611 -0.596504
1.20491 1.04137 0.812247 -0.338592
0.2082 0.0853931 0.018773 -0.462468
2.99258 3.35329 2.89381 0.435847
0.848102 0.542624 0.471877 -0.107714
1.45492 1.34285 1.11473 0.103211
-0.935704 -0.661832 -0.728938 -0.735331
-0.691897 -0.637496 -0.716883 -0.852574
1.11199 0.777011 0.687985 -0.131113
1.90542 1.88803 1.58605 0.31003
0.591238 0.311598 0.238041 -0.200708
2.05234 2.20068 1.88614 0.588412
-0.927047 -0.665248 -0.733143 -0.576616
-0.768167 -0.717131 -0.801118 -0.759417
-0.130021 -0.187976 -0.250901 -0.430933
0.439007 0.280315 0.1364 -0.330436
0.311794 0.100737 0.0350492 -0.287891
1.71508 1.83019 1.56418 0.432838
0.929151 0.564083 0.501914 0.00793869
0.982134 0.788978 0.617612 -0.0221081
1.09171 0.69751 0.633482 -0.00896687
1.44622 1.33798 1.11205 0.202779
0.609122 0.308895 0.244492 -0.12889
1.97745 2.04912 1.76428 0.498235
0.873211 0.516597 0.453471 -0.00570773
0.792559 0.633416 0.465354 -0.102211
-0.911631 -0.653521 -0.72625 -0.533436
-0.776332 -0.724707 -0.803842 -0.658654
1.15657 0.729032 0.666594 0.0236569
1.44029 1.37522 1.14713 0.180265
0.623016 0.31118 0.254387 -0.100062
1.57904 1.64968 1.4116 0.3794
-0.14195 -0.212393 -0.279071 -0.28865
0.0368318 -0.10308 -0.209658 -0.373711
0.329051 0.103089 0.0369262 -0.22304
1.46023 1.4738 1.24568 0.220015
-0.126921 -0.191334 -0.246592 -0.247088
0.0601934 -0.0726728 -0.17833 -0.362898
0.352213 0.128756 0.0655197 -0.191514
1.35763 1.41388 1.19819 0.196339
0.952571 0.60857 0.548681 0.00666799
0.548289 0.471838 0.320683 -0.195289
-0.898415 -0.628149 -0.682022 -0.396232
-0.837151 -0.754498 -0.822198 -0.56447
1.21581 0.838389 0.79757 0.0913286
0.901549 0.984152 0.784073 -0.0142947
0.680889 0.433082 0.39198 0.00275413
1.4512 1.58969 1.36994 0.0824073
0.668538 0.439216 0.409452 0.0229929
1.21177 1.43544 1.2245 0.194027
-0.112495 -0.131028 -0.159949 -0.146226
-0.144238 -0.196954 -0.265209 -0.339876
0.373013 0.201354 0.162993 -0.118518
1.05679 1.10313 0.931535 0.101393
0.968656 0.660233 0.62333 0.0824014
0.467344 0.435527 0.331099 -0.180406
-0.898305 -0.615117 -0.635189 -0.297818
-0.838167 -0.729199 -0.774468 -0.510715
1.21844 0.898267 0.866026 0.105057
0.925712 0.935445 0.782105 0.0380416
1.16221 0.782229 0.728262 0.0700043
0.847753 0.863603 0.690404 -0.101501
0.65899 0.427865 0.413266 0.046589
1.33595 1.50772 1.29372 0.0884921
-0.901706 -0.623361 -0.650304 -0.330751
-0.86982 -0.738454 -0.778553 -0.511659
-0.0508189 -0.10396 -0.119136 -0.175064
-0.0352096 -0.0734766 -0.146555 -0.348856
0.39115 0.210777 0.184283 -0.108681
0.847506 0.973284 0.814426 -0.0176897
1.00696 0.728207 0.696421 0.0618582
0.240268 0.198775 0.0945611 -0.303358
-0.883233 -0.581604 -0.617439 -0.36288
-0.867547 -0.759617 -0.806788 -0.599965
1.26486 0.919371 0.902508 0.137976
0.739729 0.818417 0.679042 -0.139816
0.723585 0.457236 0.433104 -0.0251275
1.15799 1.26053 1.06247 -0.163863
-0.0998775 -0.123542 -0.134705 -0.20321
-0.142011 -0.189383 -0.255612 -0.397762
0.401312 0.227372 0.203574 -0.139114
1.0548 1.18873 1.02163 -0.140666
1.01026 0.7179 0.695646 -0.00438432
0.318078 0.16267 0.0523145 -0.14681
-0.0591944 -0.159434 -0.21702 -0.192614
-0.220476 -0.338619 -0.433279 -0.376097
0.437612 0.173742 0.115839 -0.0836319
0.943457 0.8027 0.65684 0.0711422
1.02744 0.587634 0.53418 0.0951884
0.398585 0.195306 0.0866074 -0.155309
-0.892276 -0.647042 -0.712453 -0.407196
-0.863502 -0.784688 -0.868786 -0.564221
1.29037 0.793731 0.737251 0.163811
0.881471 0.7187 0.56214 0.0151772
0.741507 0.377057 0.31998 0.0042165
1.27876 1.15377 0.973625 0.0983379
-0.806378 -0.641362 -0.683434 -0.263574
-0.943883 -0.880124 -0.888177 -0.402191
0.842336 0.881162 0.840155 0.385225
-0.820431 -0.993649 -0.750521 -0.00259797
0.438775 0.448812 0.393378 0.200888
-0.733586 -1.04716 -0.604596 0.308099
-0.334288 -0.246022 -0.289782 -0.0766741
-0.895058 -0.939866 -0.895626 -0.351519
0.182712 0.220911 0.175551 0.100337
-0.75998 -1.0305 -0.687427 0.13295
0.825302 0.828868 0.770598 0.327732
-0.865265 -0.996523 -0.853422 -0.195347
0.614397 0.618072 0.555158 0.21757
-0.737915 -1.07343 -0.607821 0.320175
-0.257416 -0.174072 -0.222839 -0.0611128
-0.892905 -0.956756 -0.905911 -0.32869
0.274937 0.319384 0.264296 0.0946794
-0.759519 -1.04204 -0.690555 0.148746
0.912474 0.941591 0.90159 0.348475
-0.861821 -1.00224 -0.86089 -0.183191
-0.780663 -0.587824 -0.638956 -0.235045
-0.937899 -0.891148 -0.918568 -0.393198
1.28545 1.31247 1.2417 0.38252
-0.808851 -1.01672 -0.760519 -0.00204685
-0.227611 -0.127174 -0.178662 -0.0670173
-0.929391 -0.942415 -0.895716 -0.293587
0.199419 0.325341 0.281384 0.10746
-0.777064 -1.02969 -0.668472 0.156697
0.75315 0.920691 0.871608 0.296414
-0.902267 -1.00211 -0.855517 -0.149866
-0.793352 -0.576043 -0.61911 -0.202754
-0.967548 -0.888474 -0.928685 -0.369567
1.0932 1.32117 1.24663 0.31599
-0.870064 -1.03093 -0.764499 0.0244258
0.52266 0.679022 0.630603 0.178122
-0.778983 -1.09638 -0.63248 0.299803
-0.803057 -0.595908 -0.645794 -0.209911
-0.92872 -0.895323 -0.944846 -0.346797
-0.158843 -0.0685193 -0.107543 -0.0397641
-0.878307 -0.958517 -0.906716 -0.252979
0.349646 0.384805 0.322284 0.0679496
-0.749206 -1.05706 -0.683722 0.169333
0.977369 0.973416 0.91924 0.234881
-0.866134 -1.00248 -0.842336 -0.12262
1.29745 1.4089 1.32202 0.209457
-0.833173 -0.998557 -0.699938 0.00148083
0.715708 0.86215 0.821028 0.11265
-0.731919 -1.04929 -0.550441 0.222714
0.981861 1.1665 1.1177 0.177484
-0.872682 -0.966938 -0.76056 -0.122098
-0.772184 -0.515802 -0.522452 -0.193775
-0.94702 -0.853942 -0.840663 -0.30403
1.37122 1.584 1.52682 0.205635
-0.830506 -0.975397 -0.680956 0.00127197
0.733025 0.851306 0.81903 0.105408
-0.724432 -1.02947 -0.516009 0.236213
-0.198802 -0.0471511 -0.0433321 -0.0609564
-0.884741 -0.918362 -0.808305 -0.211398
0.380286 0.503485 0.493232 0.0513044
-0.748985 -0.99486 -0.582471 0.131044
-0.172434 -0.0236037 -0.0201797 -0.0506169
-0.880252 -0.902457 -0.81288 -0.217818
0.38391 0.511997 0.49755 0.0483152
-0.743699 -0.995487 -0.585828 0.139887
1.03651 1.18371 1.16476 0.163351
-0.85964 -0.950023 -0.755978 -0.106654
-0.762775 -0.517614 -0.508591 -0.168492
-0.950658 -0.840046 -0.823113 -0.284567
1.40122 1.5958 1.54649 0.184808
-0.826972 -0.980907 -0.675652 0.0228678
0.757841 0.88416 0.859502 0.0992075
-0.730802 -1.04204 -0.509523 0.238241
0.714296 0.847357 0.825005 0.0992362
-0.732359 -1.04757 -0.526983 0.240197
-0.186437 -0.0466636 -0.0378879 -0.0495032
-0.887173 -0.89225 -0.796004 -0.197504
0.395692 0.535921 0.516744 0.0362072
-0.751593 -1.00816 -0.589665 0.147094
1.06002 1.17477 1.13147 0.167298
-0.870926 -0.99102 -0.805894 -0.0904826
-0.756196 -0.521979 -0.548647 -0.179629
-0.959028 -0.865445 -0.864967 -0.273434
1.44284 1.60832 1.56161 0.199264
-0.833554 -1.00596 -0.724552 0.039363
1.3825 1.52607 1.46339 0.174786
-0.842053 -1.01817 -0.727237 0.0309307
0.775172 0.889526 0.833756 0.0797767
-0.740546 -1.06126 -0.540664 0.257342
-0.768092 -0.543865 -0.551259 -0.157895
-0.968515 -0.884755 -0.870799 -0.257242
-0.0925883 0.0617004 0.0610125 -0.0418308
-0.89398 -0.898773 -0.797295 -0.176351
0.378383 0.543346 0.531399 0.0277057
-0.77332 -1.02428 -0.602665 0.124684
0.9833 1.15173 1.09778 0.144193
-0.854314 -0.999489 -0.815047 -0.0677611
-0.749768 -0.535256 -0.571402 -0.158633
-0.962649 -0.887589 -0.901157 -0.249326
1.47054 1.57302 1.50942 0.173885
-0.83727 -1.03486 -0.728946 0.0640606
0.792133 0.868621 0.810693 0.0840354
-0.734627 -1.10508 -0.595949 0.253961
-0.149075 -0.058236 -0.075643 -0.0548612
-0.892517 -0.950896 -0.87352 -0.161157
0.435298 0.507105 0.471604 0.0378401
-0.750305 -1.05679 -0.661316 0.153611
1.12312 1.2006 1.13598 0.136508
-0.871006 -1.01465 -0.835674 -0.0580647
-0.129535 -0.0180973 -0.0593995 -0.0544682
-0.884994 -0.945469 -0.884034 -0.165844
0.463143 0.518396 0.479555 0.0286979
-0.745312 -1.04278 -0.637787 0.160138
1.1253 1.18378 1.1359 0.134354
-0.870914 -1.00756 -0.827853 -0.0570967
-0.741786 -0.5344 -0.560324 -0.140021
-0.96852 -0.881482 -0.906677 -0.235267
1.49996 1.61168 1.54276 0.156948
-0.837729 -1.04766 -0.752914 0.0465603
0.820894 0.880014 0.834022 0.0671555
-0.732256 -1.11641 -0.604263 0.234214
-0.745882 -0.540865 -0.576418 -0.140686
-0.974868 -0.880301 -0.902822 -0.213997
1.42815 1.56559 1.49443 0.147527
-0.829136 -1.04431 -0.757688 0.0566436
0.808041 0.861945 0.82877 0.0767183
-0.731259 -1.12175 -0.545906 0.165544
-0.146904 -0.0388291 -0.0703174 -0.0531167
-0.892334 -0.945148 -0.879367 -0.142281
0.440804 0.521365 0.484825 0.02598
-0.753564 -1.0594 -0.643711 0.160753
1.1071 1.20343 1.14492 0.105078
-0.873091 -1.00421 -0.826947 -0.0447236
0.827652 0.89036 0.852354 0.0720477
-0.734358 -1.09503 -0.582985 0.243424
-0.148548 -0.0179788 -0.0508586 -0.0520452
-0.894784 -0.966703 -0.885309 -0.137974
0.435875 0.511541 0.463685 0.019901
-0.7587 -1.07388 -0.670316 0.146342
0.918481 1.16115 1.10768 0.109404
-0.922143 -1.03039 -0.845737 -0.043919
-0.744266 -0.535505 -0.574424 -0.130953
-0.967673 -0.879994 -0.912075 -0.199296
1.50912 1.57521 1.50312 0.133826
-0.832947 -1.06208 -0.757694 0.077729
-0.115684 -0.0418264 -0.0936472 -0.0507522
-0.886814 -0.991257 -0.918218 -0.128619
0.473497 0.485538 0.425088 0.0208992
-0.743004 -1.08151 -0.681113 0.173395
1.13387 1.12627 1.06952 0.115129
-0.867258 -1.03073 -0.864503 -0.0307377
-0.738726 -0.547263 -0.603452 -0.125532
-0.966563 -0.909425 -0.955512 -0.197498
1.51295 1.4896 1.40899 0.143351
-0.827674 -1.06976 -0.783217 0.0735975
0.826815 0.791864 0.729088 0.0685193
-0.727235 -1.12867 -0.622773 0.254515
-0.75288 -0.570373 -0.632326 -0.128399
-0.971913 -0.905797 -0.95397 -0.187142
-0.0607743 -0.00403525 -0.0514155 -0.0404843
-0.874285 -0.974035 -0.925286 -0.114171
0.467714 0.473606 0.411538 0.0206728
-0.744572 -1.0848 -0.684036 0.171157
1.11527 1.1039 1.0485 0.109814
-0.865968 -1.03889 -0.87326 -0.0192185
1.42181 1.39668 1.32041 0.129486
-0.836003 -1.08251 -0.800399 0.0761099
0.807677 0.789969 0.730147 0.062636
-0.728197 -1.12864 -0.598015 0.257772
1.08592 1.05684 0.994313 0.101764
-0.869715 -1.03789 -0.874313 -0.021691
-0.744821 -0.560335 -0.614154 -0.118604
-0.972914 -0.904788 -0.956161 -0.182271
1.46703 1.46145 1.39031 0.135974
-0.825025 -1.06756 -0.779005 0.0815851
0.780446 0.766005 0.708994 0.0602058
-0.726061 -1.11248 -0.613318 0.243866
-0.177927 -0.104756 -0.157358 -0.0482133
-0.889417 -0.975801 -0.927645 -0.105931
0.376372 0.395918 0.356633 0.0181283
-0.749001 -1.06442 -0.637276 0.165352
-0.18071 -0.0932379 -0.127268 -0.0459434
-0.888533 -0.955628 -0.892769 -0.104848
0.344015 0.387175 0.343626 0.0141732
-0.751714 -1.07664 -0.646361 0.167139
0.889713 0.932349 0.906932 0.0882138
-0.907358 -1.01598 -0.816387 -0.00736243
-0.782606 -0.588795 -0.603661 -0.108792
-0.977262 -0.886851 -0.907943 -0.162692
1.08266 1.23793 1.2164 0.121734
-0.862988 -1.04469 -0.733778 0.0777116
0.495009 0.611014 0.588022 0.0520043
-0.766219 -1.08496 -0.542674 0.228272
0.441851 0.550794 0.525308 0.046173
-0.77306 -1.10307 -0.560116 0.231204
-0.334015 -0.203338 -0.229629 -0.0468858
-0.926221 -0.958124 -0.896842 -0.0949725
0.130307 0.250005 0.230892 0.0138786
-0.778731 -1.05198 -0.641331 0.148293
0.648716 0.80018 0.771802 0.0763247
-0.912537 -1.00931 -0.811952 -0.00128476
-0.798041 -0.607824 -0.644963 -0.107819
-0.960021 -0.910392 -0.91462 -0.143428
1.09507 1.19276 1.1492 0.102568
-0.841786 -1.02784 -0.731087 0.0754148
1.05256 1.09803 1.06467 0.101257
-0.848037 -1.02677 -0.736268 0.066686
0.521873 0.553277 0.520555 0.0424917
-0.748609 -1.08682 -0.575631 0.210787
-0.808291 -0.601946 -0.6161 -0.0952049
-0.960885 -0.892443 -0.911801 -0.139178
-0.251189 -0.147413 -0.17434 -0.0375792
-0.898229 -0.951719 -0.882264 -0.0801198
0.180272 0.246987 0.228143 0.0177107
-0.764625 -1.04922 -0.613986 0.158492
0.743772 0.792501 0.759101 0.0756493
-0.876159 -0.993573 -0.804374 -0.000862846
-0.802197 -0.602383 -0.636378 -0.0999694
-0.955331 -0.891246 -0.897456 -0.135854
1.06333 1.13407 1.09883 0.104734
-0.843234 -1.03111 -0.739107 0.0697579
0.494779 0.52715 0.503496 0.047212
-0.749075 -1.06997 -0.556731 0.211058
-0.324049 -0.224173 -0.248148 -0.0428959
-0.905845 -0.951316 -0.876481 -0.0783357
0.147569 0.215313 0.189226 0.00996292
-0.771542 -1.04542 -0.629111 0.148772
0.716621 0.782216 0.756582 0.0713403
-0.8803 -0.999622 -0.821147 -0.0102231
-0.311718 -0.206542 -0.233458 -0.0399706
-0.906112 -0.957329 -0.887867 -0.0750665
0.145548 0.215566 0.20211 0.0169409
-0.77157 -1.03536 -0.649354 0.133963
0.700998 0.764472 0.734121 0.0743964
-0.879786 -0.988532 -0.795939 0.00142255
-0.810036 -0.604321 -0.627499 -0.087627
-0.955722 -0.910913 -0.917853 -0.123278
0.991616 1.087 1.04722 0.0941662
-0.840876 -1.01094 -0.726357 0.065421
0.438195 0.51362 0.492036 0.0412646
-0.746781 -1.0555 -0.552971 0.197747
-0.930698 -0.739477 -0.774444 -0.103614
-0.937673 -0.867968 -0.913872 -0.134995
0.778904 0.710506 0.732443 0.101968
-0.793021 -0.889967 -0.730866 0.0288108
0.442196 0.285856 0.298682 0.0428303
-0.695587 -0.760818 -0.743735 0.0163634
-0.204427 -0.258854 -0.271077 -0.0352062
-0.867096 -0.84664 -0.882842 -0.0962403
0.272118 0.110717 0.102754 0.0105345
-0.655692 -0.691112 -0.700542 -0.0206691
0.868064 0.62673 0.624936 0.0651446
-0.794606 -0.787232 -0.823192 -0.0696819
0.516585 0.291601 0.29735 0.0341291
-0.632248 -0.678783 -0.690154 0.00269647
-0.219452 -0.288355 -0.295287 -0.0397046
-0.860554 -0.837428 -0.887982 -0.0971371
0.209384 0.0428713 0.0374983 0.00139064
-0.535138 -0.592135 -0.623355 -0.0117075
0.733488 0.475893 0.480426 0.050743
-0.677764 -0.6799 -0.72156 -0.0576215
-0.901928 -0.719152 -0.762205 -0.109871
-0.942724 -0.849876 -0.913421 -0.127385
0.886399 0.624057 0.634366 0.0675569
-0.586426 -0.583023 -0.622062 -0.0317059
-0.282937 -0.332079 -0.342982 -0.0505419
-0.774394 -0.754363 -0.806867 -0.0883404
0.112704 -0.0351929 -0.0395822 -0.0141405
-0.467558 -0.483881 -0.525148 -0.00583787
0.652953 0.430688 0.427728 0.0366261
-0.693787 -0.679911 -0.730198 -0.0590616
-0.897783 -0.720096 -0.764764 -0.111502
-0.958405 -0.868181 -0.929866 -0.128731
0.839854 0.609207 0.618207 0.0606695
-0.580784 -0.569655 -0.609698 -0.0292771
0.336795 0.146808 0.139909 0.00399208
-0.450369 -0.473797 -0.505408 0.0162535
-0.903048 -0.718026 -0.76317 -0.110588
-0.962309 -0.870857 -0.93291 -0.126676
-0.256315 -0.295361 -0.308866 -0.0455729
-0.752816 -0.734467 -0.779593 -0.0844126
0.116738 -0.0174653 -0.0277204 -0.016195
-0.454523 -0.463029 -0.507504 -0.00460596
0.652794 0.458185 0.457964 0.0359876
-0.657577 -0.653492 -0.696713 -0.0557027
0.762958 0.537588 0.543394 0.0454448
-0.563239 -0.555952 -0.602412 -0.0286433
0.314811 0.143743 0.141746 0.00228721
-0.399517 -0.407043 -0.446645 0.0170559
0.554579 0.351628 0.354765 0.0268869
-0.661924 -0.656871 -0.703741 -0.0566054
-0.903816 -0.713981 -0.772244 -0.114846
-0.961211 -0.869882 -0.936276 -0.129409
0.775497 0.570099 0.580081 0.0544824
-0.529766 -0.50459 -0.548966 -0.0212885
0.309522 0.167609 0.153582 -0.00308143
-0.409711 -0.415749 -0.443345 0.0200225
-0.309159 -0.319199 -0.350472 -0.0584744
-0.774541 -0.754431 -0.808098 -0.0893368
0.0718599 -0.0155789 -0.0351477 -0.0235513
-0.411802 -0.386178 -0.428314 0.00142163
-0.29417 -0.284155 -0.290259 -0.0488446
-0.766765 -0.735478 -0.761997 -0.0842494
0.0913677 0.0642965 0.0540777 -0.0215105
-0.425292 -0.349255 -0.39629 -0.0143613
0.536002 0.486676 0.491909 0.0278973
-0.673282 -0.606211 -0.621086 -0.0495966
-0.912664 -0.701419 -0.740686 -0.113603
-0.972093 -0.86106 -0.928247 -0.132604
0.635533 0.667217 0.699375 0.0472078
-0.593391 -0.467555 -0.506213 -0.0354867
0.191567 0.221029 0.241229 0.000223697
-0.421925 -0.312028 -0.333586 0.015676
0.175851 0.215034 0.242013 0.000733644
-0.460525 -0.34458 -0.369963 0.00542077
-0.393193 -0.303379 -0.302372 -0.0547408
-0.808166 -0.734873 -0.755246 -0.0834953
-0.0473262 0.000431358 0.0294035 -0.0152885
-0.486836 -0.355677 -0.386282 -0.00980578
0.353877 0.46943 0.490287 0.0186776
-0.697446 -0.57975 -0.621161 -0.0500798
-0.925841 -0.714323 -0.73857 -0.109671
-0.97123 -0.819382 -0.850766 -0.121282
0.512135 0.653009 0.687672 0.0439452
-0.588931 -0.448301 -0.491014 -0.0295051
0.432188 0.54151 0.578411 0.0299717
-0.60022 -0.463267 -0.500009 -0.0315718
0.0959313 0.145876 0.14214 -0.0100471
-0.433108 -0.26288 -0.294854 0.0302594
-0.934945 -0.703164 -0.749666 -0.111506
-0.976371 -0.878864 -0.933066 -0.125619
-0.37682 -0.274486 -0.2898 -0.0454024
-0.77113 -0.715362 -0.755255 -0.0777162
-0.0932359 -0.0246299 -0.0222831 -0.0197877
-0.511842 -0.366457 -0.39481 0.0129364
0.308577 0.402874 0.417845 0.0272577
-0.713832 -0.633186 -0.676908 -0.0557729
-0.925967 -0.699372 -0.722958 -0.103526
-0.977007 -0.847917 -0.902553 -0.126495
0.535884 0.613406 0.649092 0.0459426
-0.569943 -0.444648 -0.469281 -0.0223742
0.129155 0.217576 0.259933 0.0017423
-0.41982 -0.252088 -0.272874 0.0179906
-0.41877 -0.29544 -0.282551 -0.0519592
-0.738408 -0.694284 -0.712776 -0.0747524
0.1544 0.0583634 0.0826917 -0.0130652
-0.268314 -0.277189 -0.322368 0.00982076
0.700545 0.444661 0.448144 0.0212901
-0.571736 -0.597004 -0.63872 -0.0452419
-0.238196 -0.27433 -0.302358 -0.0563676
-0.746009 -0.716853 -0.741708 -0.079809
0.172713 0.0743226 0.0792165 -0.0216486
-0.281939 -0.334842 -0.348521 0.0238335
0.710811 0.488823 0.501459 0.0144651
-0.551844 -0.570138 -0.616854 -0.0525478
-0.89705 -0.711274 -0.758587 -0.105251
-0.963149 -0.870712 -0.944862 -0.124504
0.925886 0.619401 0.630667 0.0498141
-0.36501 -0.42612 -0.477021 -0.0102857
0.483345 0.209854 0.205389 -0.000897206
-0.122929 -0.236419 -0.280293 0.0352085
-0.896576 -0.702928 -0.754236 -0.106001
-0.966167 -0.880824 -0.938898 -0.11903
0.99472 0.641485 0.650547 0.0460973
-0.38483 -0.454096 -0.498699 -0.0122793
0.491673 0.223409 0.207458 -0.00221369
-0.191381 -0.303165 -0.335783 0.0343221
-0.2163 -0.294873 -0.316401 -0.0501454
-0.734335 -0.746513 -0.804175 -0.0768502
0.235178 0.0203805 0.00273861 -0.0191619
-0.211913 -0.303977 -0.341014 0.0229627
0.80199 0.460913 0.469657 0.0280734
-0.535613 -0.599022 -0.660017 -0.0417358
0.52563 0.237126 0.231388 0.00357471
-0.134688 -0.265499 -0.308474 0.0392716
-0.214074 -0.304413 -0.320552 -0.0495599
-0.716418 -0.728865 -0.784885 -0.0729336
0.219165 0.013031 0.00392851 -0.0174163
-0.265403 -0.355319 -0.392182 0.0232174
0.746876 0.448983 0.451877 0.0279726
-0.558279 -0.606886 -0.668096 -0.0423681
-0.89203 -0.709158 -0.755821 -0.101595
-0.966379 -0.873942 -0.959488 -0.12322
0.92285 0.619266 0.6389 0.0524144
-0.369448 -0.437634 -0.486695 -0.0065825
-0.230544 -0.301538 -0.3125 -0.0463592
-0.737151 -0.747568 -0.813899 -0.0751233
0.173723 0.010144 -0.00267243 -0.0167132
-0.279448 -0.353394 -0.388285 0.0248311
0.698786 0.419366 0.424671 0.0262241
-0.57042 -0.614274 -0.656337 -0.0369078
-0.893104 -0.7001 -0.748113 -0.0993465
-0.970344 -0.876536 -0.948793 -0.117044
0.90006 0.634958 0.662855 0.053903
-0.391176 -0.453987 -0.488588 -0.00463338
0.42655 0.210716 0.212772 0.0034157
-0.241508 -0.328543 -0.357289 0.0367448
-0.899359 -0.704511 -0.762395 -0.10216
-0.975262 -0.887083 -0.963142 -0.119326
-0.197288 -0.253397 -0.257731 -0.038859
-0.691394 -0.70706 -0.767825 -0.0685742
0.18879 0.0227039 0.0183615 -0.0147704
-0.264902 -0.334025 -0.358357 0.0266253
0.72861 0.473627 0.47311 0.0253417
-0.543183 -0.585273 -0.638467 -0.039446
0.885945 0.581028 0.589563 0.0351022
-0.387933 -0.43778 -0.488275 -0.00829238
0.431854 0.214648 0.208616 -0.000851556
-0.163437 -0.231586 -0.260398 0.0448002
0.666624 0.415755 0.415309 0.0178363
-0.555659 -0.593654 -0.651288 -0.0401161
-0.897969 -0.713746 -0.764937 -0.100291
-0.968951 -0.86944 -0.954007 -0.117145
0.890953 0.622221 0.64389 0.0462636
-0.343002 -0.384167 -0.425443 0.000189918
0.421274 0.218136 0.211456 -0.0019541
-0.207442 -0.272313 -0.310646 0.0377516
-0.247626 -0.295885 -0.310531 -0.0471933
-0.733162 -0.739803 -0.793126 -0.0694821
0.179346 0.024995 0.0176191 -0.0180443
-0.224569 -0.267505 -0.304652 0.0187879
-0.225385 -0.253217 -0.272528 -0.0464172
-0.718652 -0.70245 -0.744074 -0.0675246
0.200306 0.0764344 0.084108 -0.0157121
-0.225572 -0.271315 -0.299397 0.0280025
0.71274 0.458536 0.468719 0.0246236
-0.553185 -0.591211 -0.642961 -0.0356459
-0.897129 -0.707452 -0.758236 -0.102018
-0.975469 -0.845355 -0.890116 -0.108365
0.897082 0.690528 0.735548 0.0446931
-0.399806 -0.423902 -0.454281 0.00114171
0.424592 0.229505 0.219425 -0.00137733
-0.175974 -0.272499 -0.290832 0.0468656
0.413975 0.216299 0.22053 0.00340492
-0.23023 -0.295391 -0.319147 0.0436767
-0.250484 -0.287831 -0.30568 -0.0459745
-0.751585 -0.749965 -0.800978 -0.0702559
0.167471 0.0310303 0.0102832 -0.0197074
-0.271506 -0.27486 -0.30784 0.0124116
0.668191 0.527419 0.550388 0.0177751
-0.555304 -0.581161 -0.631176 -0.0366784
-0.901581 -0.687477 -0.718315 -0.0946449
-0.973977 -0.873674 -0.951138 -0.114149
0.849639 0.631333 0.654644 0.0473491
-0.38001 -0.404815 -0.447046 -0.00351468
0.771721 0.551024 0.563126 0.0319576
-0.408029 -0.440025 -0.481511 -0.00648147
0.361113 0.199321 0.200405 -0.00172499
-0.182861 -0.210798 -0.25314 0.0249837
-0.911539 -0.711124 -0.76928 -0.100453
-0.981049 -0.872673 -0.934879 -0.107166
-0.224351 -0.245868 -0.260335 -0.0419166
-0.700843 -0.699417 -0.753591 -0.0640382
0.123509 0.0283022 0.0185247 -0.0199528
-0.316922 -0.327931 -0.366068 0.0210237
0.604045 0.463345 0.465703 0.0212627
-0.611053 -0.618545 -0.663068 -0.0364501
-0.90435 -0.699968 -0.754472 -0.0967847
-0.981214 -0.878404 -0.954245 -0.111494
0.767427 0.652153 0.670158 0.0427229
-0.427685 -0.420826 -0.470482 -0.00564315
0.310431 0.194329 0.18768 -0.00156998
-0.23944 -0.273398 -0.303323 0.0423515
-0.307731 -0.305478 -0.335065 -0.0489258
-0.741779 -0.734267 -0.789889 -0.0640413
0.0647085 0.00627931 -0.00702429 -0.0188798
-0.28587 -0.294366 -0.335873 0.0266543
0.502958 0.395388 0.421172 0.0243304
-0.606173 -0.597413 -0.642586 -0.0332929
-0.314461 -0.302937 -0.313447 -0.0442611
-0.776566 -0.749016 -0.778524 -0.0601688
0.0253362 -0.00293524 -0.00640938 -0.0170099
-0.337347 -0.341421 -0.360793 0.0249873
0.435699 0.355703 0.374152 0.0181994
-0.613962 -0.593759 -0.642644 -0.0346337
-0.916134 -0.711655 -0.758182 -0.0926445
-0.973749 -0.876095 -0.952508 -0.108213
0.580148 0.523822 0.5557 0.0440765
-0.462216 -0.448064 -0.491963 -0.00231001
0.175143 0.113544 0.123848 0.000127762
-0.283595 -0.287696 -0.30772 0.0483602
-0.899098 -0.703517 -0.740366 -0.0845953
-0.955063 -0.865094 -0.931101 -0.102489
0.850195 0.736848 0.742762 0.0528663
-0.634788 -0.584822 -0.609556 -0.00444351
0.337974 0.270703 0.292205 0.017158
-0.568916 -0.55332 -0.552168 0.0337572
-0.311027 -0.295523 -0.304365 -0.0357269
-0.812752 -0.792842 -0.833202 -0.0630135
0.0764793 0.0210644 0.0279342 -0.00631811
-0.561197 -0.515104 -0.532653 0.0188746
0.583097 0.515257 0.533198 0.0369065
-0.705327 -0.681914 -0.720178 -0.0347386
0.240581 0.181784 0.199964 0.0109586
-0.437213 -0.382852 -0.40806 0.0439996
-0.386034 -0.370592 -0.375913 -0.0412841
-0.754815 -0.723337 -0.769957 -0.0569292
-0.0369924 -0.0689012 -0.057336 -0.0125031
-0.467564 -0.381198 -0.406341 0.02764
0.39422 0.373418 0.391807 0.0238066
-0.615523 -0.545624 -0.594788 -0.0264585
-0.934621 -0.733399 -0.77369 -0.0861334
-0.946596 -0.856097 -0.925237 -0.10047
0.473318 0.500819 0.529645 0.0406815
-0.514418 -0.341961 -0.391028 0.0064074
-0.480659 -0.390188 -0.386698 -0.0414257
-0.738659 -0.666509 -0.729735 -0.0566056
-0.216365 -0.125629 -0.116552 -0.0180746
-0.474952 -0.255594 -0.287034 0.0350624
0.102088 0.276945 0.308872 0.0233248
-0.697996 -0.531979 -0.583806 -0.0244239
