-0.70726 -0.467608 -0.494748 -0.499819
-0.896498 -0.843575 -0.854516 -0.870081
1.84966 1.97066 1.80771 1.52253
-0.522108 -0.752089 -0.536241 -0.334148
1.15988 1.21619 1.1049 0.874976
-0.326456 -0.6809 -0.172598 0.850197
0.0506817 0.152226 0.0841326 0.20803
-0.747806 -0.852222 -0.772445 -0.457812
0.730706 0.756797 0.670459 0.558281
-0.401518 -0.694231 -0.375796 -0.0337079
0.0667474 0.179173 0.139691 0.382821
-0.745935 -0.820139 -0.772018 -0.577797
0.73738 0.783805 0.719588 0.6467
-0.396236 -0.709664 -0.380016 0.00874071
1.46255 1.58856 1.45516 1.03902
-0.633557 -0.807422 -0.660601 -0.352522
-0.709339 -0.469597 -0.493037 -0.237428
-0.894435 -0.833626 -0.850156 -0.61005
1.84156 2.02472 1.86851 1.00297
-0.525616 -0.777921 -0.552972 -0.114734
1.15189 1.20367 1.08583 0.537152
-0.337207 -0.720264 -0.257413 0.562104
1.1028 1.1777 1.08052 0.832229
-0.34362 -0.672554 -0.277624 0.374286
0.0365745 0.143796 0.0974229 0.342967
-0.753743 -0.860288 -0.82196 -0.671824
0.717117 0.6954 0.617686 0.34189
-0.410872 -0.760405 -0.448391 -0.12179
1.43642 1.42495 1.30845 0.62056
-0.64424 -0.835445 -0.712871 -0.522135
-0.714342 -0.487794 -0.528425 -0.384058
-0.894734 -0.875582 -0.908516 -0.854975
1.80825 1.81101 1.66015 0.468909
-0.535163 -0.802831 -0.587636 -0.381233
1.7755 1.74972 1.5995 0.368492
-0.544182 -0.821942 -0.597124 -0.384179
1.11848 1.10554 0.99524 0.17419
-0.353143 -0.734093 -0.326983 0.245464
-0.731405 -0.52143 -0.56238 -0.260818
-0.899161 -0.873996 -0.911199 -0.815315
0.10634 0.158842 0.0941047 -0.204602
-0.743486 -0.853558 -0.827319 -0.874718
0.725439 0.717213 0.62975 -0.0449483
-0.411101 -0.736949 -0.43025 -0.0844583
1.43976 1.40549 1.29107 0.389404
-0.642208 -0.842507 -0.723486 -0.635133
-0.71499 -0.497444 -0.534921 -0.379284
-0.894463 -0.871861 -0.909572 -0.803376
1.81927 1.82334 1.68541 0.322119
-0.537199 -0.795845 -0.582748 -0.342833
1.14697 1.09688 0.998031 0.140695
-0.350837 -0.724374 -0.33029 0.0909429
0.045063 0.0906019 0.0311446 -0.158781
-0.752115 -0.859287 -0.828795 -0.802611
0.727182 0.718297 0.629895 -0.187148
-0.416189 -0.749905 -0.449209 -0.280285
1.46282 1.44343 1.32154 0.139765
-0.644445 -0.842224 -0.721189 -0.624401
0.0784749 0.12558 0.0718727 -0.239986
-0.746464 -0.865156 -0.832826 -0.818464
0.746702 0.718839 0.643577 -0.0595755
-0.412646 -0.737271 -0.43361 -0.222323
1.4895 1.45669 1.34241 0.151063
-0.64337 -0.841405 -0.725724 -0.638955
-0.709355 -0.512482 -0.552775 -0.479485
-0.89577 -0.871549 -0.910284 -0.770794
1.85303 1.86981 1.74031 0.154844
-0.539556 -0.801946 -0.590723 -0.42816
1.16604 1.11873 1.02297 -0.0122757
-0.356113 -0.739062 -0.331853 0.0501348
-1.07119 -0.529101 -0.612747 -0.310414
0.762536 0.557539 0.394966 -0.0551161
1.12378 1.11521 0.963288 0.189348
9.2796 11.4604 9.82944 -2.33563
0.332626 0.3855 0.274534 -1.10874
9.20862 12.2885 10.5816 -2.30696
-0.316464 -0.249937 -0.319842 -1.24945
1.95631 1.68933 1.39574 -0.413489
0.231516 0.109952 0.029099 -0.685599
2.90015 3.52966 3.08332 0.441748
0.978358 0.653283 0.574206 0.0415206
1.5031 1.3494 1.11626 0.108065
0.670334 0.393116 0.32668 -0.155533
2.22896 2.38751 2.08661 1.07964
-0.161097 -0.188339 -0.248612 -0.480934
0.481699 0.286352 0.155204 -0.388082
0.310823 0.12192 0.0569703 -0.473474
3.447 3.28716 2.85423 0.746023
0.814853 0.544758 0.442065 -0.243254
2.83936 2.71345 2.33156 0.205231
-0.982257 -0.662578 -0.71502 -0.815763
-0.416755 -0.407546 -0.479468 -0.814734
1.00564 0.730447 0.633948 -0.303822
3.71891 3.92811 3.39687 0.0267911
-0.253831 -0.243252 -0.305101 -0.596504
1.20491 1.03719 0.821306 -0.338592
0.2082 0.0902432 0.0262783 -0.462468
2.99258 3.33721 2.90347 0.435847
0.848102 0.552266 0.48168 -0.107714
1.45492 1.3352 1.12061 0.103211
-0.935704 -0.66677 -0.726178 -0.735331
-0.691897 -0.64509 -0.715278 -0.852574
1.11199 0.787756 0.699023 -0.131113
1.90542 1.87496 1.59131 0.31003
0.591238 0.319144 0.247076 -0.200708
2.05234 2.17799 1.88473 0.588412
-0.927047 -0.670047 -0.730268 -0.576616
-0.768167 -0.72612 -0.80001 -0.759417
-0.130021 -0.185769 -0.24489 -0.430933
0.439007 0.273281 0.139955 -0.330436
0.311794 0.10624 0.0427932 -0.287891
1.71508 1.81364 1.56497 0.432838
0.929151 0.575417 0.512185 0.00793869
0.982134 0.779433 0.619845 -0.0221081
1.09171 0.710284 0.644477 -0.00896687
1.44622 1.32455 1.11369 0.202779
0.609122 0.317399 0.253618 -0.12889
1.97745 2.02799 1.76248 0.498235
0.873211 0.527751 0.463779 -0.00570773
0.792559 0.621972 0.466466 -0.102211
-0.911631 -0.658536 -0.723259 -0.533436
-0.776332 -0.733399 -0.802788 -0.658654
1.15657 0.742344 0.677753 0.0236569
1.44029 1.36226 1.14912 0.180265
0.623016 0.320514 0.263557 -0.100062
1.57904 1.62739 1.40703 0.3794
-0.14195 -0.210668 -0.273107 -0.28865
0.0368318 -0.112514 -0.209122 -0.373711
0.329051 0.108924 0.0448413 -0.22304
1.46023 1.45543 1.24364 0.220015
-0.126921 -0.18848 -0.240561 -0.247088
0.0601934 -0.0817058 -0.177643 -0.362898
0.352213 0.135025 0.0735066 -0.191514
1.35763 1.39547 1.19558 0.196339
0.952571 0.620632 0.55916 0.00666799
0.548289 0.458838 0.320141 -0.195289
-0.898415 -0.631385 -0.678989 -0.396232
-0.837151 -0.762918 -0.821537 -0.56447
1.21581 0.854913 0.809361 0.0913286
0.901549 0.966793 0.782402 -0.0142947
0.680889 0.445041 0.401802 0.00275413
1.4512 1.56609 1.36372 0.0824073
0.668538 0.452166 0.419296 0.0229929
1.21177 1.41063 1.21731 0.194027
-0.112495 -0.125455 -0.153732 -0.146226
-0.144238 -0.205349 -0.265956 -0.339876
0.373013 0.210431 0.171292 -0.118518
1.05679 1.08395 0.926436 0.101393
0.968656 0.674852 0.634128 0.0824014
0.467344 0.425268 0.329827 -0.180406
-0.898305 -0.615442 -0.632167 -0.297818
-0.838167 -0.73568 -0.773844 -0.510715
1.21844 0.915782 0.87794 0.105057
0.925712 0.922494 0.780675 0.0380416
1.16221 0.79713 0.739895 0.0700043
0.847753 0.84659 0.68763 -0.101501
0.65899 0.442108 0.42313 0.046589
1.33595 1.48347 1.28694 0.0884921
-0.901706 -0.624739 -0.647542 -0.330751
-0.86982 -0.744898 -0.778175 -0.511659
-0.0508189 -0.0967971 -0.112771 -0.175064
-0.0352096 -0.0803866 -0.146256 -0.348856
0.39115 0.221015 0.192713 -0.108681
0.847506 0.953595 0.80858 -0.0176897
1.00696 0.744336 0.707784 0.0618582
0.240268 0.185643 0.0917964 -0.303358
-0.883233 -0.583163 -0.614358 -0.36288
-0.867547 -0.76678 -0.806437 -0.599965
1.26486 0.938931 0.914804 0.137976
0.739729 0.804628 0.676535 -0.139816
0.723585 0.471021 0.443114 -0.0251275
1.15799 1.23466 1.0541 -0.163863
-0.0998775 -0.116105 -0.128274 -0.20321
-0.142011 -0.19733 -0.256144 -0.397762
0.401312 0.238241 0.212162 -0.139114
1.0548 1.17146 1.01756 -0.140666
1.01026 0.734862 0.707019 -0.00438432
0.318078 0.15079 0.0507155 -0.14681
-0.0591944 -0.155678 -0.21035 -0.192614
-0.220476 -0.349334 -0.433817 -0.376097
0.437612 0.182034 0.124728 -0.0836319
0.943457 0.785074 0.651771 0.0711422
1.02744 0.601214 0.545288 0.0951884
0.398585 0.184843 0.0857878 -0.155309
-0.892276 -0.65114 -0.70928 -0.407196
-0.863502 -0.794285 -0.867905 -0.564221
1.29037 0.809476 0.74943 0.163811
0.881471 0.705624 0.561103 0.0151772
0.741507 0.388077 0.330147 0.0042165
1.27876 1.13283 0.96756 0.0983379
-0.806378 -0.644843 -0.681367 -0.263574
-0.943883 -0.884916 -0.888592 -0.402191
0.842336 0.895235 0.850132 0.385225
-0.820431 -0.994924 -0.764539 -0.00259797
0.438775 0.458337 0.402278 0.200888
-0.733586 -1.04133 -0.62645 0.308099
-0.334288 -0.243965 -0.284869 -0.0766741
-0.895058 -0.946347 -0.900557 -0.351519
0.182712 0.229073 0.183573 0.100337
-0.75998 -1.02937 -0.706187 0.13295
0.825302 0.84318 0.78197 0.327732
-0.865265 -1.00171 -0.863697 -0.195347
0.614397 0.629942 0.565741 0.21757
-0.737915 -1.0669 -0.630598 0.320175
-0.257416 -0.171398 -0.217374 -0.0611128
-0.892905 -0.963036 -0.911025 -0.32869
0.274937 0.328215 0.273088 0.0946794
-0.759519 -1.04066 -0.709676 0.148746
0.912474 0.959163 0.913901 0.348475
-0.861821 -1.00803 -0.871503 -0.183191
-0.780663 -0.590686 -0.636018 -0.235045
-0.937899 -0.897171 -0.918569 -0.393198
1.28545 1.33172 1.25605 0.38252
-0.808851 -1.01876 -0.775883 -0.00204685
-0.227611 -0.123942 -0.17277 -0.0670173
-0.929391 -0.949013 -0.900848 -0.293587
0.199419 0.335308 0.290279 0.10746
-0.777064 -1.02817 -0.688134 0.156697
0.75315 0.936986 0.883601 0.296414
-0.902267 -1.0076 -0.866247 -0.149866
-0.793352 -0.578097 -0.616135 -0.202754
-0.967548 -0.895833 -0.928822 -0.369567
1.0932 1.34001 1.26088 0.31599
-0.870064 -1.03238 -0.780064 0.0244258
0.52266 0.693163 0.64168 0.178122
-0.778983 -1.09119 -0.656072 0.299803
-0.803057 -0.598722 -0.642895 -0.209911
-0.92872 -0.903666 -0.945074 -0.346797
-0.158843 -0.0631144 -0.101031 -0.0397641
-0.878307 -0.965048 -0.912111 -0.252979
0.349646 0.394153 0.331702 0.0679496
-0.749206 -1.05461 -0.703467 0.169333
0.977369 0.990348 0.931821 0.234881
-0.866134 -1.00724 -0.853373 -0.12262
1.29745 1.42753 1.33678 0.209457
-0.833173 -0.998854 -0.716619 0.00148083
0.715708 0.878326 0.832868 0.11265
-0.731919 -1.04371 -0.575861 0.222714
0.981861 1.18554 1.13119 0.177484
-0.872682 -0.96831 -0.772029 -0.122098
-0.772184 -0.514863 -0.519641 -0.193775
-0.94702 -0.857357 -0.841254 -0.30403
1.37122 1.60694 1.54252 0.205635
-0.830506 -0.976004 -0.697582 0.00127197
0.733025 0.868263 0.830854 0.105408
-0.724432 -1.02254 -0.541395 0.236213
-0.198802 -0.038922 -0.0373696 -0.0609564
-0.884741 -0.920729 -0.814295 -0.211398
0.380286 0.518194 0.503095 0.0513044
-0.748985 -0.990891 -0.603496 0.131044
-0.172434 -0.0151432 -0.0141135 -0.0506169
-0.880252 -0.906331 -0.818708 -0.217818
0.38391 0.526247 0.507311 0.0483152
-0.743699 -0.991993 -0.607028 0.139887
1.03651 1.20534 1.17812 0.163351
-0.85964 -0.952884 -0.76779 -0.106654
-0.762775 -0.515256 -0.505777 -0.168492
-0.950658 -0.842825 -0.823538 -0.284567
1.40122 1.61962 1.56218 0.184808
-0.826972 -0.981125 -0.692736 0.0228678
0.757841 0.902291 0.871585 0.0992075
-0.730802 -1.03319 -0.534733 0.238241
0.714296 0.864953 0.836664 0.0992362
-0.732359 -1.0399 -0.552286 0.240197
-0.186437 -0.0381183 -0.0320338 -0.0495032
-0.887173 -0.895381 -0.801737 -0.197504
0.395692 0.550399 0.526865 0.0362072
-0.751593 -1.00355 -0.610641 0.147094
1.06002 1.19474 1.14515 0.167298
-0.870926 -0.994553 -0.817534 -0.0904826
-0.756196 -0.52246 -0.545652 -0.179629
-0.959028 -0.869563 -0.86529 -0.273434
1.44284 1.63353 1.57802 0.199264
-0.833554 -1.0077 -0.741246 0.039363
1.3825 1.54845 1.47907 0.174786
-0.842053 -1.01945 -0.744141 0.0309307
0.775172 0.905315 0.846079 0.0797767
-0.740546 -1.05373 -0.566119 0.257342
-0.768092 -0.542826 -0.548329 -0.157895
-0.968515 -0.888406 -0.87153 -0.257242
-0.0925883 0.0717376 0.0681595 -0.0418308
-0.89398 -0.901822 -0.803367 -0.176351
0.378383 0.558604 0.541602 0.0277057
-0.77332 -1.02153 -0.62511 0.124684
0.9833 1.17087 1.11152 0.144193
-0.854314 -1.00321 -0.826847 -0.0677611
-0.749768 -0.536372 -0.568258 -0.158633
-0.962649 -0.893004 -0.901506 -0.249326
1.47054 1.59609 1.52543 0.173885
-0.83727 -1.03504 -0.746002 0.0640606
0.792133 0.884301 0.823054 0.0840354
-0.734627 -1.09883 -0.621589 0.253961
-0.149075 -0.0510531 -0.0692372 -0.0548612
-0.892517 -0.955972 -0.879395 -0.161157
0.435298 0.520527 0.48196 0.0378401
-0.750305 -1.05525 -0.68303 0.153611
1.12312 1.21931 1.14995 0.136508
-0.871006 -1.01927 -0.847751 -0.0580647
-0.129535 -0.0122356 -0.0525402 -0.0544682
-0.884994 -0.952116 -0.890089 -0.165844
0.463143 0.531704 0.490009 0.0286979
-0.745312 -1.04046 -0.659628 0.160138
1.1253 1.20397 1.14992 0.134354
-0.870914 -1.01201 -0.839853 -0.0570967
-0.741786 -0.534289 -0.556937 -0.140021
-0.96852 -0.887847 -0.906964 -0.235267
1.49996 1.63513 1.55922 0.156948
-0.837729 -1.04981 -0.770693 0.0465603
0.820894 0.89702 0.846552 0.0671555
-0.732256 -1.11162 -0.631118 0.234214
-0.745882 -0.541925 -0.573224 -0.140686
-0.974868 -0.886151 -0.902927 -0.213997
1.42815 1.58786 1.51031 0.147527
-0.829136 -1.04661 -0.775071 0.0566436
0.808041 0.879896 0.84122 0.0767183
-0.731259 -1.11607 -0.575844 0.165544
-0.146904 -0.0324857 -0.0636467 -0.0531167
-0.892334 -0.951512 -0.885473 -0.142281
0.440804 0.535036 0.495387 0.02598
-0.753564 -1.05626 -0.665584 0.160753
1.1071 1.22281 1.15898 0.105078
-0.873091 -1.00895 -0.839014 -0.0447236
0.827652 0.90842 0.865109 0.0720477
-0.734358 -1.08937 -0.609221 0.243424
-0.148548 -0.0115258 -0.0440581 -0.0520452
-0.894784 -0.971818 -0.891487 -0.137974
0.435875 0.523991 0.474108 0.019901
-0.7587 -1.07219 -0.692435 0.146342
0.918481 1.18062 1.12159 0.109404
-0.922143 -1.035 -0.858162 -0.043919
-0.744266 -0.536557 -0.571061 -0.130953
-0.967673 -0.886659 -0.912163 -0.199296
1.50912 1.59779 1.51925 0.133826
-0.832947 -1.06247 -0.774887 0.077729
-0.115684 -0.0369631 -0.0867741 -0.0507522
-0.886814 -0.99695 -0.924281 -0.128619
0.473497 0.496941 0.435575 0.0208992
-0.743004 -1.07952 -0.702883 0.173395
1.13387 1.14539 1.08341 0.115129
-0.867258 -1.0364 -0.876557 -0.0307377
-0.738726 -0.549736 -0.60004 -0.125532
-0.966563 -0.917267 -0.955556 -0.197498
1.51295 1.51049 1.42457 0.143351
-0.827674 -1.0715 -0.800253 0.0735975
0.826815 0.806634 0.741195 0.0685193
-0.727235 -1.12231 -0.648185 0.254515
-0.75288 -0.573747 -0.62913 -0.128399
-0.971913 -0.91374 -0.953949 -0.187142
-0.0607743 0.00194266 -0.0442027 -0.0404843
-0.874285 -0.98163 -0.931255 -0.114171
0.467714 0.484552 0.421788 0.0206728
-0.744572 -1.082 -0.705291 0.171157
1.11527 1.12273 1.06209 0.109814
-0.865968 -1.04442 -0.88519 -0.0192185
1.42181 1.4168 1.33541 0.129486
-0.836003 -1.08449 -0.8173 0.0761099
0.807677 0.80503 0.74227 0.062636
-0.728197 -1.11984 -0.623159 0.257772
1.08592 1.07424 1.00749 0.101764
-0.869715 -1.04345 -0.886124 -0.021691
-0.744821 -0.562849 -0.610886 -0.118604
-0.972914 -0.9131 -0.956198 -0.182271
1.46703 1.48292 1.40577 0.135974
-0.825025 -1.06899 -0.795938 0.0815851
0.780446 0.780872 0.72089 0.0602058
-0.726061 -1.10645 -0.638566 0.243866
-0.177927 -0.100926 -0.151044 -0.0482133
-0.889417 -0.983401 -0.933555 -0.105931
0.376372 0.407855 0.366409 0.0181283
-0.749001 -1.05978 -0.658826 0.165352
-0.18071 -0.0880017 -0.121112 -0.0459434
-0.888533 -0.962062 -0.898754 -0.104848
0.344015 0.398376 0.353183 0.0141732
-0.751714 -1.07136 -0.667686 0.167139
0.889713 0.95069 0.918874 0.0882138
-0.907358 -1.01776 -0.827813 -0.00736243
-0.782606 -0.588626 -0.600847 -0.108792
-0.977262 -0.892891 -0.908305 -0.162692
1.08266 1.2603 1.22999 0.121734
-0.862988 -1.04314 -0.75009 0.0777116
0.495009 0.626006 0.59833 0.0520043
-0.766219 -1.07352 -0.566871 0.228272
0.441851 0.564454 0.534983 0.046173
-0.77306 -1.09122 -0.584053 0.231204
-0.334015 -0.199273 -0.224546 -0.0468858
-0.926221 -0.963936 -0.902313 -0.0949725
0.130307 0.260886 0.239052 0.0138786
-0.778731 -1.04625 -0.661148 0.148293
0.648716 0.816274 0.782648 0.0763247
-0.912537 -1.01013 -0.822583 -0.00128476
-0.798041 -0.610126 -0.64244 -0.107819
-0.960021 -0.915162 -0.915066 -0.143428
1.09507 1.21181 1.16205 0.102568
-0.841786 -1.02581 -0.746165 0.0754148
1.05256 1.11675 1.07686 0.101257
-0.848037 -1.02547 -0.751438 0.066686
0.521873 0.566104 0.530064 0.0424917
-0.748609 -1.07663 -0.598761 0.210787
-0.808291 -0.602083 -0.613456 -0.0952049
-0.960885 -0.898408 -0.912203 -0.139178
-0.251189 -0.142539 -0.168764 -0.0375792
-0.898229 -0.95638 -0.887462 -0.0801198
0.180272 0.257534 0.236064 0.0177107
-0.764625 -1.03983 -0.632729 0.158492
0.743772 0.807381 0.769436 0.0756493
-0.876159 -0.99422 -0.814383 -0.000862846
-0.802197 -0.604511 -0.633933 -0.0999694
-0.955331 -0.895981 -0.897836 -0.135854
1.06333 1.15285 1.11106 0.104734
-0.843234 -1.02899 -0.753781 0.0697579
0.494779 0.540476 0.512845 0.047212
-0.749075 -1.05813 -0.578884 0.211058
-0.324049 -0.220526 -0.243418 -0.0428959
-0.905845 -0.955169 -0.881466 -0.0783357
0.147569 0.224616 0.196805 0.00996292
-0.771542 -1.03698 -0.647394 0.148772
0.716621 0.797777 0.766949 0.0713403
-0.8803 -1.00128 -0.831229 -0.0102231
-0.311718 -0.202863 -0.22856 -0.0399706
-0.906112 -0.961679 -0.892861 -0.0750665
0.145548 0.22593 0.209637 0.0169409
-0.77157 -1.02979 -0.667797 0.133963
0.700998 0.779194 0.744207 0.0743964
-0.879786 -0.98851 -0.805704 0.00142255
-0.810036 -0.605544 -0.625102 -0.087627
-0.955722 -0.916173 -0.918591 -0.123278
0.991616 1.10423 1.05881 0.0941662
-0.840876 -1.00866 -0.740481 0.065421
0.438195 0.526193 0.500837 0.0412646
-0.746781 -1.04424 -0.574796 0.197747
-0.930698 -0.74305 -0.772644 -0.103614
-0.937673 -0.87509 -0.913552 -0.134995
0.778904 0.727475 0.740735 0.101968
-0.793021 -0.899821 -0.745711 0.0288108
0.442196 0.299103 0.30608 0.0428303
-0.695587 -0.79886 -0.769338 0.0163634
-0.204427 -0.253949 -0.266337 -0.0352062
-0.867096 -0.859385 -0.887166 -0.0962403
0.272118 0.120551 0.109614 0.0105345
-0.655692 -0.718496 -0.71719 -0.0206691
0.868064 0.642588 0.63413 0.0651446
-0.794606 -0.806178 -0.832002 -0.0696819
0.516585 0.304549 0.304977 0.0341291
-0.632248 -0.712387 -0.710976 0.00269647
-0.219452 -0.283213 -0.290618 -0.0397046
-0.860554 -0.852291 -0.892858 -0.0971371
0.209384 0.0520518 0.0439103 0.00139064
-0.535138 -0.622724 -0.641115 -0.0117075
0.733488 0.490471 0.488764 0.050743
-0.677764 -0.699722 -0.730897 -0.0576215
-0.901928 -0.722728 -0.759969 -0.109871
-0.942724 -0.859452 -0.913662 -0.127385
0.886399 0.640579 0.643253 0.0675569
-0.586426 -0.607906 -0.635336 -0.0317059
-0.282937 -0.327663 -0.338404 -0.0505419
-0.774394 -0.768026 -0.811024 -0.0883404
0.112704 -0.0267187 -0.0334713 -0.0141405
-0.467558 -0.512897 -0.541455 -0.00583787
0.652953 0.44459 0.436169 0.0366261
-0.693787 -0.69899 -0.738489 -0.0590616
-0.897783 -0.723659 -0.762423 -0.111502
-0.958405 -0.877681 -0.930131 -0.128731
0.839854 0.626078 0.627444 0.0606695
-0.580784 -0.592494 -0.621524 -0.0292771
0.336795 0.157256 0.146961 0.00399208
-0.450369 -0.506114 -0.524614 0.0162535
-0.903048 -0.721564 -0.760762 -0.110588
-0.962309 -0.880502 -0.933255 -0.126676
-0.256315 -0.290486 -0.303925 -0.0455729
-0.752816 -0.746843 -0.783336 -0.0844126
0.116738 -0.0088375 -0.0212091 -0.016195
-0.454523 -0.490458 -0.522567 -0.00460596
0.652794 0.473119 0.46686 0.0359876
-0.657577 -0.671061 -0.704442 -0.0557027
0.762958 0.553498 0.552353 0.0454448
-0.563239 -0.578901 -0.61397 -0.0286433
0.314811 0.154882 0.148993 0.00228721
-0.399517 -0.439381 -0.465551 0.0170559
0.554579 0.365585 0.363058 0.0268869
-0.661924 -0.675015 -0.711629 -0.0566054
-0.903816 -0.718621 -0.769798 -0.114846
-0.961211 -0.87957 -0.936372 -0.129409
0.775497 0.587179 0.589453 0.0544824
-0.529766 -0.525966 -0.559689 -0.0212885
0.309522 0.178355 0.161226 -0.00308143
-0.409711 -0.445616 -0.461281 0.0200225
-0.309159 -0.316065 -0.345567 -0.0584744
-0.774541 -0.767053 -0.811457 -0.0893368
0.0718599 -0.00743319 -0.0284154 -0.0235513
-0.411802 -0.411708 -0.44239 0.00142163
-0.29417 -0.278346 -0.285094 -0.0488446
-0.766765 -0.74591 -0.765464 -0.0842494
0.0913677 0.0737366 0.0610241 -0.0215105
-0.425292 -0.37625 -0.411079 -0.0143613
0.536002 0.50246 0.501056 0.0278973
-0.673282 -0.620808 -0.62851 -0.0495966
-0.912664 -0.704723 -0.738465 -0.113603
-0.972093 -0.870599 -0.928162 -0.132604
0.635533 0.687095 0.709174 0.0472078
-0.593391 -0.489464 -0.517642 -0.0354867
0.191567 0.234768 0.248866 0.000223697
-0.421925 -0.342075 -0.352102 0.015676
0.175851 0.229286 0.249579 0.000733644
-0.460525 -0.375626 -0.388916 0.00542077
-0.393193 -0.297748 -0.297668 -0.0547408
-0.808166 -0.745507 -0.759195 -0.0834953
-0.0473262 0.0125047 0.0359622 -0.0152885
-0.486836 -0.381988 -0.401518 -0.00980578
0.353877 0.485904 0.499096 0.0186776
-0.697446 -0.596607 -0.628599 -0.0500798
-0.925841 -0.716258 -0.736298 -0.109671
-0.97123 -0.825952 -0.850792 -0.121282
0.512135 0.672677 0.697279 0.0439452
-0.588931 -0.470078 -0.502173 -0.0295051
0.432188 0.559973 0.587389 0.0299717
-0.60022 -0.485069 -0.511475 -0.0315718
0.0959313 0.156833 0.149416 -0.0100471
-0.433108 -0.292169 -0.312353 0.0302594
-0.934945 -0.70687 -0.747271 -0.111506
-0.976371 -0.887643 -0.93318 -0.125619
-0.37682 -0.269351 -0.284589 -0.0454024
-0.77113 -0.726957 -0.758832 -0.0777162
-0.0932359 -0.0148573 -0.0156885 -0.0197877
-0.511842 -0.391312 -0.409227 0.0129364
0.308577 0.418595 0.426557 0.0272577
-0.713832 -0.651113 -0.684859 -0.0557729
-0.925967 -0.701047 -0.720541 -0.103526
-0.977007 -0.856627 -0.902656 -0.126495
0.535884 0.633123 0.658684 0.0459426
-0.569943 -0.465353 -0.48079 -0.0223742
0.129155 0.233156 0.267493 0.0017423
-0.41982 -0.28196 -0.291397 0.0179906
-0.41877 -0.288784 -0.277874 -0.0519592
-0.738408 -0.704393 -0.716575 -0.0747524
0.1544 0.0712043 0.0899133 -0.0130652
-0.268314 -0.302561 -0.336366 0.00982076
0.700545 0.460478 0.457458 0.0212901
-0.571736 -0.613769 -0.646098 -0.0452419
-0.238196 -0.270361 -0.297158 -0.0563676
-0.746009 -0.727944 -0.745751 -0.079809
0.172713 0.0852617 0.0862836 -0.0216486
-0.281939 -0.357796 -0.362623 0.0238335
0.710811 0.505573 0.510827 0.0144651
-0.551844 -0.588018 -0.624729 -0.0525478
-0.89705 -0.714732 -0.756004 -0.105251
-0.963149 -0.880897 -0.944792 -0.124504
0.925886 0.637857 0.640773 0.0498141
-0.36501 -0.447663 -0.48766 -0.0102857
0.483345 0.222353 0.213549 -0.000897206
-0.122929 -0.266152 -0.297585 0.0352085
-0.896576 -0.706655 -0.751609 -0.106001
-0.966167 -0.889691 -0.938858 -0.11903
0.99472 0.660052 0.660826 0.0460973
-0.38483 -0.475148 -0.509312 -0.0122793
0.491673 0.235019 0.215676 -0.00221369
-0.191381 -0.332662 -0.353393 0.0343221
-0.2163 -0.290367 -0.311207 -0.0501454
-0.734335 -0.760358 -0.808155 -0.0768502
0.235178 0.0292709 0.00975631 -0.0191619
-0.211913 -0.328954 -0.355192 0.0229627
0.80199 0.477265 0.478971 0.0280734
-0.535613 -0.618309 -0.667984 -0.0417358
0.52563 0.249618 0.239542 0.00357471
-0.134688 -0.296628 -0.326679 0.0392716
-0.214074 -0.299736 -0.31558 -0.0495599
-0.716418 -0.742649 -0.788953 -0.0729336
0.219165 0.0223336 0.0107155 -0.0174163
-0.265403 -0.38166 -0.407206 0.0232174
0.746876 0.464554 0.461041 0.0279726
-0.558279 -0.626743 -0.676407 -0.0423681
-0.89203 -0.712558 -0.753236 -0.101595
-0.966379 -0.885378 -0.959591 -0.12322
0.92285 0.637992 0.648674 0.0524144
-0.369448 -0.460271 -0.498163 -0.0065825
-0.230544 -0.296283 -0.307435 -0.0463592
-0.737151 -0.762685 -0.818207 -0.0751233
0.173723 0.0191145 0.00414947 -0.0167132
-0.279448 -0.379572 -0.403303 0.0248311
0.698786 0.43466 0.43353 0.0262241
-0.57042 -0.632363 -0.664583 -0.0369078
-0.893104 -0.703624 -0.745558 -0.0993465
-0.970344 -0.886628 -0.948766 -0.117044
0.90006 0.655106 0.673041 0.053903
-0.391176 -0.475223 -0.499912 -0.00463338
0.42655 0.223658 0.220831 0.0034157
-0.241508 -0.359044 -0.375762 0.0367448
-0.899359 -0.708801 -0.759766 -0.10216
-0.975262 -0.897764 -0.96326 -0.119326
-0.197288 -0.246745 -0.252272 -0.038859
-0.691394 -0.72092 -0.771733 -0.0685742
0.18879 0.0327156 0.0253628 -0.0147704
-0.264902 -0.358254 -0.37272 0.0266253
0.72861 0.489251 0.482445 0.0253417
-0.543183 -0.603526 -0.646241 -0.039446
0.885945 0.598469 0.599285 0.0351022
-0.387933 -0.459981 -0.499321 -0.00829238
0.431854 0.226999 0.21676 -0.000851556
-0.163437 -0.260659 -0.278095 0.0448002
0.666624 0.430709 0.424355 0.0178363
-0.555659 -0.612752 -0.659352 -0.0401161
