0.773668 0.710606 0.776069
0.841008 0.759872 0.751346
0.784891 0.825913 0.748977
0.897125 0.84712 0.725524
0.869067 0.850328 0.804772
0.784891 0.796076 0.788118
0.599705 0.732155 0.705432
0.667045 0.807292 0.732797
0.711939 0.904172 0.761096
0.711939 1.00363 0.81838
0.885902 1.0256 0.87438
0.88029 0.991266 0.821809
0.420131 0.814086 0.673492
0.420131 0.80953 0.574883
0.487471 0.623913 0.602335
0.560423 0.548961 0.603218
0.453801 0.452338 0.466293
0.358402 0.452342 0.405524
0.28545 0.475254 0.408037
0.358402 0.367326 0.437646
0.504306 0.430616 0.519504
0.509918 0.565279 0.582145
0.31912 0.499338 0.40425
0.066594 0.209495 0.210028
0.100264 0.282837 0.233424
0.526753 0.497055 0.397879
0.386461 0.495934 0.430826
0.414519 0.3979 0.459192
0.751221 0.433426 0.562388
0.857843 0.453101 0.539707
0.358402 0.455049 0.380119
0.0273121 0.438565 0.277727
0.246168 0.302056 0.296591
0.487471 0.243394 0.390056
0.521141 0.378414 0.354866
0.100264 0.0767457 0.107802
-0.141039 -0.0674476 -0.077425
-0.0961452 -0.0627674 -0.0972704
-0.0849218 -0.110816 -0.0107003
-0.0175814 0.130188 -0.0456934
-0.326225 -0.235576 -0.233317
-0.337448 -0.276386 -0.261863
-0.0288048 -0.0660927 -0.112946
0.0160887 0.180415 0.0640172
0.240557 0.114672 0.102612
-0.14665 -0.187725 -0.0960183
-0.371118 -0.351715 -0.231819
-0.197156 -0.37739 -0.205209
-0.0793101 -0.236878 -0.152707
-0.275719 -0.228991 -0.153378
-0.331836 -0.111198 -0.186764
-0.208379 -0.0732146 -0.136151
-0.0512516 -0.0511321 -0.105682
0.0329238 -0.135401 -0.0650813
0.167605 -0.292436 -0.0884353
0.0834291 -0.305006 -0.159786
-0.169097 -0.227118 -0.276451
-0.129815 -0.293005 -0.319075
-0.202767 -0.357235 -0.347869
-0.169097 -0.343207 -0.429188
-0.584363 -0.604373 -0.587232
-0.657315 -0.734965 -0.659398
-0.67415 -0.675341 -0.60604
-0.634868 -0.496458 -0.549742
-0.612421 -0.571599 -0.606092
-0.898618 -0.63166 -0.675728
-0.965958 -0.644111 -0.689207
-0.870559 -0.520655 -0.622553
-0.915453 -0.447249 -0.594894
-0.836889 -0.461911 -0.559143
-0.77516 -0.451239 -0.508935
-0.758325 -0.46852 -0.525975
-0.662927 -0.599195 -0.545137
-0.60681 -0.521063 -0.658292
-0.651703 -0.74719 -0.839083
-1.22971 -1.33265 -1.19981
-1.37561 -1.37215 -1.46407
-1.61691 -1.3256 -1.51667
-1.78527 -1.26149 -1.5135
-1.79088 -1.35498 -1.48992
-1.5608 -1.21638 -1.4746
-1.61691 -1.32082 -1.30437
-1.24093 -1.07997 -1.09202
-1.19043 -0.967328 -1.10275
-1.56641 -1.04854 -1.21878
-1.43734 -0.931993 -1.38983
-1.51029 -1.36554 -1.50661
-1.65059 -1.3673 -1.55446
-1.93678 -1.41296 -1.53753
-1.75721 -1.352 -1.3825
-1.19604 -1.15456 -1.18578
-1.23532 -0.981644 -1.11204
-1.06697 -0.808886 -1.03952
-1.11747 -1.00114 -1.07322
-1.39806 -1.11808 -1.20469
-1.25777 -1.13549 -1.30368
-1.40928 -1.21021 -1.24772
-1.49907 -1.31708 -1.32266
-1.67864 -1.33479 -1.47731
-1.64497 -1.43399 -1.5287
-1.00524 -1.49052 -1.41666
-0.977182 -1.42207 -1.31636
-1.39806 -1.41646 -1.40545
-1.70109 -1.52511 -1.53726
-1.75721 -1.52899 -1.64342
-1.88628 -1.51135 -1.74799
-1.89189 -1.62153 -1.76456
-1.78527 -1.69836 -1.79178
-1.87505 -1.75699 -1.85698
-1.94239 -1.81342 -1.84311
-1.90311 -1.859 -1.7836
-1.72354 -1.80456 -1.70519
-1.43173 -1.85193 -1.64207
-1.42051 -1.84009 -1.64487
-1.67864 -1.81024 -1.67325
-1.90311 -1.78955 -1.64779
-1.76843 -1.5458 -1.60987
-1.71231 -1.51222 -1.65788
-1.60569 -1.78636 -1.66431
-2.00973 -1.76475 -1.75345
-2.06024 -1.75168 -1.80434
-2.01535 -1.55304 -1.81076
-1.76843 -1.70314 -1.84499
-1.86944 -1.96469 -1.94682
-2.08269 -2.041 -2.01288
-1.93117 -1.99371 -1.89076
-1.98168 -1.79484 -1.77796
-1.8975 -1.61365 -1.73404
-1.93678 -1.65186 -1.73058
-1.85261 -1.57856 -1.69992
-1.79649 -1.66538 -1.72488
-1.948 -1.72611 -1.78493
-1.85822 -1.69711 -1.65928
-1.83016 -1.42183 -1.52243
-1.5159 -1.20367 -1.38838
-1.34755 -1.37343 -1.33654
-1.61691 -1.48618 -1.31073
-1.63936 -1.29671 -1.26244
-1.38684 -0.99734 -1.16715
-1.14553 -1.19057 -1.21975
-1.34755 -1.40453 -1.3012
-1.71231 -1.37216 -1.39588
-1.61691 -1.20912 -1.35114
-1.07258 -1.33828 -1.30995
-1.00524 -1.53224 -1.24573
-0.853724 -1.41631 -1.05356
-0.758325 -1.31026 -1.05277
-0.960346 -1.34398 -1.22085
-1.28021 -1.3629 -1.35983
-1.21287 -1.32791 -1.30917
-1.2746 -1.36129 -1.29771
-1.35878 -1.30564 -1.31865
-1.42051 -1.24341 -1.33544
-1.24654 -1.21455 -1.32022
-1.20165 -1.43902 -1.39129
-1.39806 -1.51082 -1.47155
-1.39806 -1.4698 -1.54433
-1.51029 -1.47388 -1.39639
-1.21848 -1.30052 -1.34063
-1.09503 -1.46392 -1.37586
-1.26338 -1.5073 -1.45455
-1.2746 -1.4469 -1.35352
-1.10064 -1.28535 -1.15549
-1.19043 -1.12883 -1.08751
-1.16798 -0.935508 -1.09308
-1.06136 -0.88354 -1.07431
-1.17359 -1.08788 -1.05191
-1.13992 -1.06158 -1.02115
-1.03891 -0.969059 -1.0618
-1.10625 -0.971144 -1.14476
-1.15114 -1.04406 -1.12612
-1.07819 -0.945606 -1.04814
-0.893006 -0.771031 -0.947608
-0.803219 -0.656229 -0.769313
-0.500187 -0.47617 -0.618332
-0.786384 -0.807111 -0.7383
-0.803219 -0.90362 -0.783453
-0.618033 -0.783679 -0.685256
-0.735879 -0.706956 -0.640787
-0.60681 -0.807092 -0.777514
-0.859336 -0.992047 -0.95174
-0.831277 -1.02225 -0.974803
-0.921065 -0.874244 -0.851366
-0.690985 -0.682865 -0.690048
-0.612421 -0.560027 -0.595001
-0.685373 -0.537345 -0.596858
-0.662927 -0.525607 -0.572044
-0.533857 -0.445137 -0.435554
-0.354283 -0.240959 -0.252927
-0.230826 -0.117991 -0.142512
-0.247661 -0.130038 -0.192442
-0.247661 -0.273097 -0.273342
-0.185932 -0.347609 -0.329879
-0.387953 -0.381438 -0.384097
-0.197156 -0.313093 -0.369713
-0.399177 -0.386189 -0.441858
-0.623645 -0.393679 -0.540126
-0.702208 -0.608747 -0.634108
-0.612421 -0.605829 -0.624852
-0.595586 -0.480113 -0.576587
-0.286943 -0.357774 -0.452746
-0.320613 -0.225832 -0.326296
-0.292555 -0.196272 -0.23536
-0.0400282 -0.0853982 -0.185593
0.010477 -0.0363155 -0.109772
0.0722057 -0.0316157 0.00125293
-0.0175814 0.221926 0.0180261
-0.0400282 0.219369 -0.0505421
-0.292555 -0.028176 -0.217272
-0.399177 -0.251198 -0.378305
-0.393565 -0.318516 -0.395785
-0.427235 -0.265817 -0.342694
-0.247661 -0.282312 -0.224999
-0.0905335 -0.100647 0.0110853
0.105876 0.338491 0.24654
0.223721 0.498727 0.33977
0.229333 0.264893 0.191592
0.0441472 0.0879513 0.0122292
-0.0119697 -0.00381437 -0.040733
0.0217004 0.11386 0.0102228
0.0553706 0.178892 0.0723259
0.122711 0.159454 0.221784
0.352791 0.438093 0.407307
0.521141 0.674294 0.510533
0.352791 0.569742 0.388945
0.234945 0.272648 0.307082
0.448189 0.309711 0.39168
0.364014 0.294798 0.370742
0.521141 0.37159 0.50139
0.841008 0.623985 0.633363
0.448189 0.629203 0.473273
0.167605 0.479395 0.334813
0.263003 0.577748 0.360223
0.190051 0.551103 0.38386
0.375237 0.49923 0.326453
0.111488 0.412026 0.173083
0.257392 0.321546 0.170394
0.28545 0.282676 0.243708
0.425743 0.41654 0.363108
0.470636 0.537611 0.48566
0.5492 0.692269 0.525633
0.532365 0.645281 0.502717
0.48186 0.664502 0.501027
0.526753 0.570697 0.506429
0.554812 0.514569 0.558496
0.442578 0.598456 0.565465
0.560423 0.668993 0.527643
0.448189 0.681067 0.513009
0.487471 0.662992 0.561998
0.588482 0.547698 0.55145
0.661434 0.511048 0.605629
0.706327 0.643281 0.674991
0.824173 0.607867 0.692905
0.711939 0.568243 0.648338
0.779279 0.532368 0.62239
0.885902 0.690067 0.801571
1.07109 0.982046 0.951525
0.65021 0.937136 0.797451
0.5492 0.822309 0.749517
0.986912 0.935832 0.881102
0.9813 1.00341 0.88582
0.818561 0.748093 0.821616
0.902737 0.806203 0.818668
0.9813 0.847556 0.853928
0.936407 0.954862 0.980381
1.08231 1.1195 1.198
1.39657 1.30218 1.3092
0.84662 1.31212 1.10069
0.773668 1.22358 0.959149
0.9813 0.97794 0.942306
1.05425 0.992145 0.946391
0.919572 0.994268 0.934931
0.768056 1.0778 0.902524
0.953242 1.03018 0.970391
0.930795 1.16289 1.10818
0.925184 1.1223 1.05293
0.835396 0.928298 0.905004
0.885902 0.83731 0.872782
0.975689 0.896696 0.990499
1.06548 1.03114 1.08478
1.14965 1.14797 1.13275
1.06548 0.991322 1.16863
1.00375 1.11825 1.17892
0.942019 1.24611 1.05758
0.925184 1.15786 1.00221
0.975689 1.0595 1.00236
0.84662 1.14443 1.0237
0.852231 1.22402 1.01178
0.762444 1.13489 0.939694
0.784891 1.13704 0.985205
0.953242 1.15759 1.06175
1.09353 1.25605 1.16319
1.08231 1.34903 1.18694
1.0767 1.25427 1.17752
1.15526 1.19635 1.20187
1.11037 1.22222 1.18915
1.0767 1.24516 1.10801
1.13843 1.21773 1.07212
0.9813 1.2365 1.07003
0.953242 1.27394 1.06256
1.04303 1.20039 1.03988
0.9813 1.13043 1.05049
1.07109 1.09303 1.15077
1.31239 1.27337 1.36332
1.32361 1.43291 1.50687
0.891513 1.44179 1.34118
0.975689 1.35993 1.20921
1.15526 1.29778 1.28505
1.21138 1.25534 1.25728
1.04864 1.22669 1.17445
0.986912 1.20856 1.11279
1.08792 1.32878 1.14741
1.00375 1.40521 1.21853
1.09915 1.44437 1.2964
1.24505 1.36902 1.29914
1.23383 1.21054 1.2604
1.29556 1.19509 1.23822
1.32923 1.27362 1.27293
1.24505 1.32282 1.24186
1.16087 1.20011 1.19142
1.20016 1.21748 1.20135
1.27311 1.23486 1.24194
1.21699 1.26085 1.239
1.1721 1.23659 1.23309
1.21138 1.25356 1.28215
1.32361 1.29388 1.34621
1.37973 1.3637 1.36124
1.21138 1.39985 1.32878
1.23383 1.35924 1.30915
1.35728 1.34409 1.35229
1.37412 1.29724 1.35003
1.17771 1.25128 1.32349
1.30678 1.22751 1.28417
1.20016 1.22901 1.22168
1.20016 1.19737 1.19877
1.16649 1.24036 1.1571
1.19454 1.17412 1.1878
1.2226 1.19792 1.20689
1.19454 1.2107 1.19893
1.19454 1.22104 1.19248
1.11037 1.16985 1.16674
1.03742 1.14798 1.12784
1.02619 1.15387 1.10854
1.10476 1.21855 1.16643
1.25066 1.21954 1.20542
1.1272 1.19853 1.15437
0.975689 1.09364 1.05617
0.958854 0.99106 0.97711
1.14404 1.01875 1.00214
1.05425 1.0494 1.03088
0.986912 1.05993 0.965605
0.784891 0.948485 0.835287
0.863455 0.92606 0.848181
0.857843 0.938415 0.892985
0.841008 0.957754 0.867013
0.857843 0.952776 0.882215
0.908348 1.07757 0.926188
0.9813 1.06715 0.959905
0.84662 0.978771 0.904266
0.852231 0.973964 0.83642
0.678269 0.917178 0.79147
0.796115 0.807284 0.782724
1.00375 0.779901 0.842385
0.925184 0.90505 0.909061
0.745609 0.929821 0.876446
0.633375 0.814923 0.766921
0.695104 0.746516 0.740699
0.739998 0.835484 0.780891
0.683881 0.956732 0.821648
0.885902 0.911938 0.756394
0.5492 0.809547 0.619327
0.498695 0.669812 0.505988
0.459413 0.585062 0.451076
0.566035 0.535458 0.532284
0.633375 0.583308 0.680942
0.762444 0.72758 0.827643
0.756833 0.859263 0.95858
0.857843 0.91949 0.997153
0.779279 0.899365 0.963498
1.07109 0.828598 0.941592
0.874678 0.787804 0.862045
0.773668 0.833399 0.819338
0.801726 0.818224 0.865823
0.745609 0.867151 0.852964
0.717551 0.859638 0.760479
0.51553 0.56621 0.575007
0.341567 0.400101 0.425161
0.487471 0.426371 0.466295
0.532365 0.489248 0.584363
0.695104 0.492611 0.619114
0.509918 0.478797 0.585513
0.633375 0.572577 0.522028
0.706327 0.430001 0.441976
0.5492 0.355094 0.433098
0.470636 0.414528 0.44675
0.476248 0.37621 0.440212
0.436966 0.278978 0.450783
0.638987 0.26311 0.39436
0.392072 0.123168 0.20742
-0.0849218 -0.0692854 0.0301637
0.0273121 0.0310846 0.0581825
0.229333 0.13501 0.247214
0.0609823 0.268 0.25197
-0.0119697 0.211139 0.139627
-0.0175814 0.0644374 0.0186852
-0.0400282 -0.101251 -0.125306
-0.197156 -0.36546 -0.260116
-0.191544 -0.324064 -0.280222
-0.174709 -0.187774 -0.27324
-0.236438 -0.177509 -0.303393
-0.326225 -0.339538 -0.305716
-0.303778 -0.229012 -0.216266
-0.14665 -0.073939 -0.0931982
0.128323 0.00927619 0.027862
0.128323 -0.0661491 0.00121453
-0.281331 -0.349914 -0.197082
-0.337448 -0.438604 -0.347336
-0.44407 -0.416829 -0.377115
-0.517022 -0.419053 -0.372709
-0.421624 -0.399319 -0.306964
-0.432847 -0.354249 -0.29911
-0.477741 -0.338495 -0.296024
-0.455294 -0.303044 -0.184925
-0.118592 -0.124421 0.00160466
-0.11298 0.0231368 0.0470149
-0.00635805 -0.117672 -0.164137
-0.735879 -0.535104 -0.594291
-0.881783 -0.92262 -0.861663
-0.702208 -0.883018 -0.870303
-0.60681 -0.798512 -0.727522
-0.522634 -0.702898 -0.591714
-0.533857 -0.619627 -0.474005
-0.281331 -0.35169 -0.346889
-0.432847 -0.349638 -0.253492
-0.0905335 -0.0784911 -0.183143
-0.44407 -0.332637 -0.412053
-0.921065 -0.732565 -0.681603
-0.954735 -0.795787 -0.723267
-0.539469 -0.640677 -0.607854
-0.808831 -0.754466 -0.74674
-1.02208 -0.919614 -0.830705
-1.0838 -0.891403 -0.757102
-0.556304 -0.671089 -0.575191
-0.601198 -0.552494 -0.396407
-0.595586 -0.280126 -0.273599
-0.618033 -0.410518 -0.430652
-0.814442 -0.626088 -0.662716
-1.12309 -0.827262 -0.705842
-0.893006 -0.72088 -0.708339
-0.814442 -0.859872 -0.767538
-0.752714 -1.01148 -0.803614
-0.999628 -0.939761 -0.79968
-0.780772 -0.907934 -0.93266
-1.09503 -1.15412 -1.12845
-1.26338 -1.2139 -1.16322
-0.921065 -1.05528 -1.03367
-1.11747 -1.01912 -0.957078
-0.719043 -0.914593 -0.845152
-1.14553 -0.887773 -0.956329
-1.33633 -0.942169 -1.08062
-0.949123 -1.08449 -1.19334
-1.15114 -1.48342 -1.32019
-1.15676 -1.46234 -1.38253
-1.21287 -1.27305 -1.29597
-1.48223 -1.16913 -1.16748
-1.26338 -0.968791 -1.00595
-0.842501 -1.02971 -0.961676
-1.08942 -1.41898 -1.10107
-1.28582 -1.46385 -1.21086
-1.03891 -1.47406 -1.2439
-0.842501 -1.44547 -1.19943
-0.561916 -1.43758 -1.24996
-1.24654 -1.46781 -1.27726
-0.808831 -1.41492 -1.06599
-0.949123 -1.24189 -0.996807
-1.00524 -1.25202 -1.13471
-1.13431 -1.27768 -1.22136
-1.28021 -1.40022 -1.36351
-1.65059 -1.57261 -1.48942
-1.69548 -1.63416 -1.58551
-1.90311 -1.65385 -1.62102
-1.72915 -1.56441 -1.57773
-1.73476 -1.4136 -1.57946
-1.85822 -1.52319 -1.59459
-1.97606 -1.69055 -1.53666
-1.77965 -1.40908 -1.36204
-1.56641 -1.14054 -1.26869
-1.47662 -1.19245 -1.22545
-1.43734 -1.28076 -1.25219
-1.52713 -1.27132 -1.29414
-1.36439 -1.12745 -1.28972
-1.5608 -1.20035 -1.28185
-1.0333 -1.35213 -1.26122
-1.11186 -1.47658 -1.27968
-1.39806 -1.45574 -1.25067
-1.42051 -1.35985 -1.18667
-1.17359 -1.36082 -1.19834
-1.53835 -1.46517 -1.34145
-1.38684 -1.49779 -1.28726
-1.21848 -1.45771 -1.1977
-1.2241 -1.50543 -1.17469
-1.00524 -1.39491 -1.11012
-0.758325 -1.39648 -1.02719
-0.825666 -1.38386 -1.0391
-0.887394 -1.43799 -1.11849
-0.803219 -1.46278 -1.08185
-0.735879 -1.36559 -1.03093
-0.825666 -1.33099 -1.03987
-0.921065 -1.34769 -1.10507
-1.10064 -1.38428 -1.19425
-1.44856 -1.41321 -1.22266
-1.34755 -1.35464 -1.15948
-1.36439 -1.25963 -1.10411
-1.45979 -1.21344 -1.15966
-1.44856 -1.13181 -1.19329
-1.34755 -1.14478 -1.13667
-1.31388 -1.03504 -1.04561
-1.11186 -0.943967 -0.891519
-0.213991 -0.754458 -0.651015
-0.646091 -0.803794 -0.793438
-1.36439 -1.0007 -1.11275
-1.16798 -1.18211 -1.2988
-1.24654 -1.49531 -1.38788
-1.54396 -1.33699 -1.38027
-1.22971 -1.30632 -1.22525
-0.74149 -1.13745 -1.02774
-0.60681 -1.00788 -0.916285
-1.14553 -0.973632 -1.02772
-1.21287 -1.07395 -1.12267
-1.16798 -1.07619 -1.10889
-1.20726 -0.93507 -1.13672
-1.06697 -1.03295 -1.09549
-1.12309 -1.04669 -1.1601
-1.04452 -1.13654 -1.19941
-0.881783 -1.16859 -1.1569
-0.831277 -1.12472 -1.09274
-1.16237 -1.11785 -1.08703
-1.11186 -1.04401 -1.08316
-1.07258 -0.984492 -1.0103
-0.657315 -0.894462 -0.846263
-0.747102 -0.72714 -0.669803
-0.589974 -0.576729 -0.587582
-0.702208 -0.591394 -0.701934
-1.07258 -0.646895 -0.916008
-0.870559 -0.822943 -1.00462
-0.842501 -0.854563 -1.01986
-1.08942 -0.683201 -1.00322
-1.01646 -0.748838 -0.943014
-0.780772 -0.880108 -0.892406
-1.12309 -0.843013 -0.996046
-1.09503 -0.855318 -1.0237
-0.97157 -0.728268 -0.911155
-0.623645 -0.640114 -0.841304
-0.522634 -0.819736 -0.819021
-0.298166 -0.733013 -0.704324
-0.432847 -0.626454 -0.644219
-0.460905 -0.615302 -0.601793
-0.286943 -0.551827 -0.547685
-0.511411 -0.486831 -0.542245
-0.494576 -0.433369 -0.55771
-0.432847 -0.495735 -0.57624
-0.601198 -0.527984 -0.561575
-0.416012 -0.510481 -0.58106
-0.533857 -0.575817 -0.623464
-0.460905 -0.506114 -0.600602
-0.303778 -0.414647 -0.549185
-0.466517 -0.417257 -0.504224
-0.393565 -0.335046 -0.306714
0.0609823 0.0249173 -0.0661912
-0.00635805 0.165309 -0.0288109
-0.14665 -0.170333 -0.193325
-0.236438 -0.387554 -0.352137
-0.270108 -0.452617 -0.356301
-0.230826 -0.360206 -0.272963
-0.157874 -0.123705 -0.141618
-0.124204 0.0516383 -0.0738792
-0.0344165 0.0885987 -0.0514444
0.0329238 -0.0141754 -0.037967
0.0722057 0.0296675 -0.00163335
0.167605 0.042342 0.0782185
0.21811 0.0812015 0.124328
0.133934 0.149713 0.125901
0.18444 0.151055 0.166861
0.397684 0.256536 0.312242
0.397684 0.476582 0.391127
0.392072 0.24235 0.26699
-0.0793101 -0.0735593 0.0655659
-0.0119697 0.11695 0.0792408
0.274227 0.358507 0.216196
0.414519 0.394531 0.400091
0.465024 0.556449 0.464153
0.257392 0.218683 0.348247
0.493083 0.284766 0.43031
0.667045 0.475929 0.63159
1.03742 0.611549 0.789409
0.487471 0.532559 0.632117
0.139546 0.307907 0.367751
0.386461 0.389224 0.354902
0.442578 0.536017 0.431956
0.414519 0.59053 0.435912
0.622152 0.510312 0.434458
0.605317 0.466791 0.424986
0.453801 0.449732 0.36201
0.476248 0.422399 0.35554
0.470636 0.449095 0.379707
0.504306 0.46472 0.426819
0.610929 0.526848 0.493683
0.594093 0.45637 0.490233
0.700716 0.373078 0.503542
0.627764 0.490782 0.492754
0.655822 0.57036 0.487817
0.667045 0.594209 0.535694
0.756833 0.731282 0.691636
1.02619 0.810845 0.748638
0.953242 0.683986 0.752903
1.02619 0.731995 0.879821
1.1721 0.847076 1.05425
1.16649 1.07774 1.14469
0.897125 1.15155 0.986957
0.498695 0.849931 0.704622
0.532365 0.813303 0.62507
0.65021 0.869452 0.649616
0.65021 0.855465 0.740256
0.509918 1.00572 0.824442
0.622152 0.932091 0.75089
0.588482 0.74535 0.737877
0.723162 0.811861 0.784614
0.835396 0.821241 0.754602
0.841008 0.789301 0.830095
0.91396 0.863023 0.968744
1.02619 1.07776 1.07046
1.09915 1.13375 1.05403
1.02058 1.07352 1.03808
0.897125 1.05592 0.958461
1.10476 0.861776 0.936817
1.04864 0.769986 0.896212
0.998136 0.886103 0.922518
1.18893 1.00234 1.03101
1.2226 1.05256 1.12638
1.38534 1.15007 1.21803
1.13843 1.25227 1.26934
0.992524 1.31233 1.10444
0.902737 1.11149 0.870714
0.897125 0.868728 0.862638
0.94763 0.978975 1.01534
1.04864 1.08748 1.09414
0.908348 1.09443 1.01854
1.00375 0.981365 0.970362
1.06548 1.03492 1.04955
1.27311 1.13587 1.1821
1.32361 1.16427 1.26231
1.35728 1.11209 1.27732
1.37412 1.14142 1.26216
1.35728 1.18843 1.27707
1.37412 1.15801 1.24576
1.16087 1.1565 1.15528
1.14404 1.04516 1.10304
1.29556 1.10529 1.19153
1.32923 1.26567 1.32542
1.318 1.35198 1.32772
1.09353 1.28038 1.1853
1.09915 1.18172 1.12009
1.18332 1.28627 1.19854
1.2226 1.36938 1.29557
1.34045 1.35879 1.29829
1.35167 1.27417 1.28142
1.18893 1.16105 1.24191
1.20577 1.13212 1.14186
1.06548 1.13714 1.10195
1.14965 1.17319 1.13695
1.14404 1.12386 1.17859
1.318 1.21992 1.31748
1.43024 1.31102 1.43792
1.56492 1.36462 1.45876
1.39095 1.35577 1.38086
1.28994 1.30973 1.34381
1.28433 1.35977 1.32342
1.32361 1.27979 1.29732
1.28994 1.25383 1.21772
1.16649 1.20062 1.17781
1.24505 1.22234 1.21394
1.29556 1.24433 1.24954
1.27311 1.24763 1.25046
1.2675 1.24956 1.25601
1.31239 1.30249 1.29583
1.318 1.29449 1.3239
1.25627 1.35329 1.32138
1.29556 1.34979 1.33481
1.14404 1.33845 1.26279
0.975689 1.29426 1.12379
0.975689 1.21947 1.05483
0.998136 1.19201 1.0884
1.03181 1.27021 1.103
1.07109 1.30869 1.09891
1.16649 1.26185 1.13027
1.25066 1.19718 1.19713
1.21699 1.24696 1.19696
1.32361 1.30436 1.21521
1.34606 1.3071 1.27982
1.36851 1.34371 1.30084
1.18893 1.31571 1.23282
1.15526 1.22407 1.18994
0.986912 1.2158 1.15038
1.05425 1.28057 1.06615
0.908348 1.12027 0.953995
1.05425 1.05608 0.966665
1.03742 1.10197 1.00872
0.975689 1.1218 1.02451
0.953242 1.1194 1.07345
1.17771 1.19768 1.18037
1.19454 1.21241 1.24235
1.08231 1.23872 1.23595
1.11037 1.28236 1.18062
1.03181 1.18684 1.13332
1.00936 1.11269 1.09488
0.796115 1.10245 0.990515
0.728774 1.05004 0.831528
0.723162 1.00803 0.80098
0.908348 0.938265 0.859319
1.01497 0.92132 0.941508
1.05425 0.959377 0.990413
1.03181 1.00909 1.02265
1.09353 1.01288 1.01733
1.11037 1.01625 0.981893
1.05986 1.02657 0.996507
1.02619 1.02645 1.01639
1.03742 1.01579 1.02582
1.04303 1.06432 0.986294
0.94763 1.01637 0.884491
0.790503 0.915148 0.803646
0.756833 0.818829 0.727912
0.796115 0.729315 0.7338
0.936407 0.747452 0.77842
0.768056 0.799269 0.780257
0.745609 0.826871 0.746529
0.638987 0.849657 0.728195
0.801726 0.911959 0.795953
0.857843 0.966835 0.855217
0.790503 1.01426 0.891056
0.953242 0.974339 0.904637
0.768056 0.820893 0.784974
0.509918 0.78118 0.628545
0.633375 0.677001 0.590333
0.453801 0.495046 0.504337
0.335955 0.34561 0.402676
0.436966 0.305703 0.355685
0.431354 0.282736 0.394571
0.476248 0.329777 0.51237
0.498695 0.496488 0.578981
0.380849 0.50939 0.510596
0.369626 0.380498 0.39704
0.223721 0.26726 0.337666
0.386461 0.401201 0.490701
0.622152 0.559541 0.605295
0.375237 0.482068 0.397418
0.352791 0.218947 0.261641
0.195663 0.128041 0.212501
0.195663 0.208312 0.213462
0.128323 0.250316 0.150159
0.100264 0.148648 0.0763707
0.0441472 0.10513 0.0711776
0.145158 0.172483 0.199395
0.279838 0.302527 0.232583
0.246168 0.228539 0.151854
0.111488 -0.0106419 -0.0030668
0.190051 -0.0830106 -0.0175709
0.156381 0.0117701 0.0328437
0.178828 0.0123417 0.0407015
0.0834291 0.00107435 0.0446698
0.00486534 0.141413 0.0170105
-0.0119697 0.0584806 -0.0446039
0.0385355 -0.117558 -0.0738397
-0.0400282 -0.150737 -0.0717743
-0.0288048 -0.069248 -0.0543065
0.010477 -0.00115921 -0.00472377
0.139546 0.0240517 0.0187776
0.0441472 -0.0406327 0.0294848
0.0385355 -0.0378994 0.0926137
0.145158 0.0629231 0.194666
0.302285 0.144632 0.27007
0.28545 0.157115 0.295923
0.128323 0.0307978 0.106392
-0.286943 -0.160053 -0.145212
-0.315001 -0.373973 -0.253681
-0.118592 -0.344065 -0.267994
-0.298166 -0.404857 -0.318029
-0.432847 -0.532096 -0.406076
-0.460905 -0.512574 -0.399349
-0.365507 -0.441207 -0.24201
0.0217004 -0.249983 -0.170149
-0.292555 -0.253111 -0.356706
-0.634868 -0.533286 -0.580648
-0.713432 -0.706698 -0.63755
-0.483352 -0.589596 -0.662977
-0.74149 -0.759406 -0.716324
-0.769549 -0.690368 -0.586404
-0.528246 -0.433325 -0.415606
-0.584363 -0.398738 -0.489202
-0.786384 -0.809982 -0.712073
-0.904229 -0.900563 -0.830296
-0.623645 -0.84893 -0.833975
-0.831277 -0.936064 -0.969889
-1.06136 -1.16442 -1.17529
-1.31949 -1.30635 -1.38631
-1.14553 -1.35958 -1.32313
-0.763937 -1.23494 -1.08428
-0.758325 -1.04508 -0.969357
-0.9379 -1.13905 -1.00926
-0.932288 -1.19381 -1.04609
-1.06697 -1.17999 -1.05965
-1.20165 -1.23534 -1.10509
-1.20726 -1.26578 -1.10316
-1.10625 -1.26287 -1.05737
-1.05013 -1.1245 -0.91192
-0.904229 -0.964206 -0.771368
-1.10625 -1.038 -0.907254
-1.11186 -1.04828 -1.02835
-1.00524 -1.0153 -1.05568
-0.999628 -1.19956 -1.00381
-0.629256 -1.10123 -0.909617
-0.9379 -0.963046 -0.969702
-0.797607 -0.810141 -0.968985
-0.932288 -0.975784 -0.979066
-0.932288 -1.11993 -1.06976
-1.06136 -1.30252 -1.06157
-1.01085 -1.18059 -0.969734
-0.864948 -0.918645 -0.971342
-0.921065 -1.25906 -0.971811
-1.04452 -1.08452 -0.88194
-1.07258 -1.00846 -0.888499
-1.43173 -1.07776 -0.990605
-1.40367 -0.97611 -1.09884
-1.07819 -1.10099 -1.22612
-1.49346 -1.32677 -1.4092
-1.63936 -1.41186 -1.49627
-1.76843 -1.23499 -1.58253
-1.60008 -1.52054 -1.5635
-1.53274 -1.47809 -1.49378
-1.48223 -1.34474 -1.55829
-1.54396 -1.44864 -1.57373
-1.6113 -1.5254 -1.47866
-1.29705 -1.40579 -1.33567
-1.32511 -1.40043 -1.41259
-1.28582 -1.62469 -1.43856
-1.0838 -1.58643 -1.41568
-1.35878 -1.58781 -1.56773
-1.80771 -1.79698 -1.71755
-1.34194 -1.87579 -1.55407
-0.808831 -1.79039 -1.21101
-0.657315 -1.33436 -0.930059
-0.909841 -1.23051 -0.960254
-0.994017 -1.42363 -1.1951
-1.42612 -1.62146 -1.37162
-1.25777 -1.62402 -1.37723
-1.09503 -1.57519 -1.30153
-1.24654 -1.62739 -1.35815
-1.49907 -1.67113 -1.37139
-1.04452 -1.47571 -1.29203
-1.07819 -1.64978 -1.28153
-1.07258 -1.63381 -1.30149
-1.12309 -1.56873 -1.25073
-0.887394 -1.4184 -1.16781
-0.949123 -1.43931 -1.21835
-0.954735 -1.48211 -1.29366
-1.07258 -1.53768 -1.4137
-1.33072 -1.67446 -1.55681
-1.45979 -1.77314 -1.56773
-1.0333 -1.64582 -1.36469
-0.747102 -1.47919 -1.04307
-0.511411 -1.17262 -0.845173
-0.679762 -1.13291 -0.835211
-0.573139 -1.18718 -0.885071
-0.719043 -1.20798 -0.969675
-0.797607 -1.30275 -1.03372
-0.954735 -1.25912 -1.16228
-1.26338 -1.28527 -1.31254
-1.25215 -1.35174 -1.38886
-1.15676 -1.39059 -1.35057
-1.19043 -1.38735 -1.30013
-1.2746 -1.42566 -1.3176
-1.26899 -1.4436 -1.33144
-1.29144 -1.45127 -1.23641
-1.06697 -1.34915 -1.0811
-0.965958 -1.31099 -0.992135
-0.904229 -1.21939 -1.04083
-1.21848 -1.15531 -1.06427
-1.1792 -1.17166 -1.1047
-1.16798 -1.18006 -1.15323
-0.74149 -1.12263 -1.05512
-0.657315 -1.01213 -0.951846
-0.820054 -1.12847 -0.988398
-0.960346 -1.05324 -1.03648
-1.02769 -1.07934 -1.13808
-0.876171 -1.06526 -1.06623
-0.763937 -0.995271 -0.863537
-0.545081 -0.910626 -0.729023
-0.612421 -0.848353 -0.580421
-0.337448 -0.585525 -0.532723
-0.64048 -0.736568 -0.715534
-0.977182 -0.945387 -0.916779
-0.965958 -0.969521 -1.02744
-0.982793 -0.992739 -1.00058
-0.589974 -0.840936 -0.780393
-0.4104 -0.601734 -0.626063
-0.539469 -0.684445 -0.702106
-0.696597 -0.870025 -0.854065
-0.814442 -0.951093 -0.918779
-0.836889 -0.85072 -0.909899
-0.786384 -0.776171 -0.894413
-0.74149 -0.751959 -0.842689
-0.70782 -0.69023 -0.757732
-0.64048 -0.648251 -0.657186
-0.528246 -0.585335 -0.535087
-0.427235 -0.511253 -0.448972
-0.320613 -0.445072 -0.356538
-0.230826 -0.34541 -0.203832
-0.0456399 -0.170003 -0.0532478
0.066594 -0.0181351 0.0286773
0.0553706 -0.10276 0.0474275
-0.00635805 -0.0343565 -0.0104097
-0.0849218 -0.0806372 -0.0258546
0.145158 0.0120022 0.0025497
-0.0344165 -0.15353 -0.204764
-0.528246 -0.394484 -0.454539
-0.44407 -0.411251 -0.511261
-0.601198 -0.362266 -0.449652
-0.404788 -0.262849 -0.233745
-0.202767 -0.0666354 -0.0996192
-0.124204 0.0334551 -0.000616743
-0.152262 0.0655066 -0.0489016
-0.202767 -0.112016 -0.200792
-0.315001 -0.2012 -0.261116
-0.213991 -0.0943367 -0.212548
-0.14665 0.00596786 -0.199887
-0.225214 -0.0486819 -0.202286
-0.197156 -0.1316 -0.109945
0.111488 0.176124 0.0548973
-0.230826 0.0307927 -0.0779755
-0.387953 -0.284266 -0.255641
-0.337448 -0.280257 -0.346229
-0.662927 -0.333534 -0.451263
-0.505799 -0.317932 -0.422185
-0.34306 -0.169283 -0.278941
-0.062475 -0.0465056 -0.0788031
0.0160887 0.203745 0.0785374
-0.14665 0.326072 0.189885
0.234945 0.470163 0.351034
0.459413 0.301033 0.404959
0.369626 0.269628 0.343096
0.31912 0.225758 0.32459
0.504306 0.226176 0.334591
0.375237 0.180047 0.240897
0.431354 0.173835 0.210644
0.403296 0.123957 0.217637
0.358402 0.101272 0.202387
0.156381 0.136638 0.206713
0.201275 0.208696 0.269387
0.504306 0.328 0.379075
0.397684 0.317762 0.415171
0.442578 0.431892 0.504507
0.689492 0.579976 0.584276
0.526753 0.579923 0.473804
0.436966 0.332879 0.318584
0.117099 0.21302 0.171824
0.117099 0.215449 0.120092
0.229333 0.176077 0.218815
0.51553 0.416189 0.442592
0.509918 0.585037 0.543829
0.453801 0.498564 0.48143
0.526753 0.496798 0.551548
0.728774 0.632831 0.575301
0.392072 0.49394 0.421423
0.442578 0.481605 0.405388
0.532365 0.639494 0.577889
0.818561 0.755779 0.807202
0.919572 0.973107 0.934191
0.717551 0.856433 0.743816
0.431354 0.667931 0.485324
0.521141 0.606125 0.494118
0.599705 0.692445 0.612678
0.521141 0.792523 0.720544
0.768056 0.839124 0.816474
0.807338 0.970397 0.85388
0.891513 0.991797 0.835489
0.633375 0.863949 0.683052
0.532365 0.604138 0.534563
0.672657 0.662156 0.59502
0.683881 0.816527 0.646963
0.599705 0.763453 0.672513
0.779279 0.805742 0.821383
0.745609 0.983514 0.889906
0.779279 0.925633 0.908785
0.91396 1.02799 0.944696
0.925184 1.06753 0.913025
0.588482 0.981995 0.734112
0.638987 0.88533 0.702339
0.745609 0.917334 0.703426
0.756833 0.845029 0.741454
0.695104 0.868399 0.820668
0.773668 0.880158 0.855572
0.801726 0.938661 0.9566
1.02619 1.04489 1.04651
0.891513 1.07159 0.972955
0.986912 0.949967 0.921167
0.81295 0.802852 0.813548
0.824173 0.885334 0.819365
0.998136 0.993373 0.898166
0.992524 1.12251 0.990156
1.04864 1.08813 1.04477
1.09353 1.05371 1.13043
1.31239 1.10654 1.2885
1.24505 1.23976 1.36118
1.16087 1.33359 1.35611
1.41901 1.30451 1.37294
1.46391 1.2545 1.31163
1.32923 1.12298 1.20227
1.23383 1.13145 1.11999
1.16649 1.13524 1.09017
1.11598 1.12657 1.01004
0.91396 1.09221 0.923172
0.958854 1.04016 0.910084
0.863455 1.14343 0.960968
0.94763 1.27728 1.04961
0.852231 1.27416 1.07615
1.12159 1.21233 1.12633
1.13843 1.21084 1.19134
1.27311 1.31709 1.28735
1.1272 1.39179 1.34543
1.14404 1.30395 1.29741
1.16649 1.23518 1.2584
1.21699 1.20194 1.20932
1.31239 1.14351 1.14916
1.26189 1.19148 1.13459
1.18332 1.16266 1.18711
1.13282 1.23759 1.21099
1.27872 1.26859 1.35988
1.44707 1.28701 1.45849
1.53686 1.27236 1.42913
1.39095 1.19261 1.36314
1.38534 1.24841 1.29005
1.29556 1.22611 1.27511
1.32361 1.1824 1.21001
1.27872 1.12614 1.18618
1.25627 1.154 1.2043
1.20577 1.17424 1.23585
1.31239 1.20036 1.27489
1.27311 1.23897 1.23641
1.27872 1.29252 1.23309
1.40218 1.20576 1.28739
1.318 1.18235 1.3053
1.39657 1.2535 1.35177
1.46952 1.35123 1.42481
1.39657 1.42854 1.41351
1.2675 1.31219 1.31292
1.20016 1.30314 1.28162
1.2675 1.36309 1.3185
1.28433 1.28443 1.30933
1.18893 1.27053 1.32548
1.2675 1.37963 1.39535
1.318 1.48036 1.43548
1.27872 1.45156 1.42108
1.27872 1.38847 1.36629
1.21699 1.29813 1.29116
1.08231 1.20097 1.23838
1.11598 1.16406 1.22087
1.21699 1.18014 1.22089
1.28433 1.21516 1.22807
1.34045 1.1928 1.27396
1.14404 1.19017 1.21005
1.05986 1.13715 1.09794
0.925184 1.04348 1.05154
1.01497 1.0035 1.02333
1.07109 1.06084 1.06179
1.13843 1.12257 1.12793
1.18893 1.14822 1.16352
1.20577 1.18047 1.14925
1.12159 1.15512 1.12828
1.04303 1.12314 1.09799
1.05425 1.1036 1.06179
0.897125 1.09907 1.03055
0.958854 1.06679 1.03752
1.03181 1.09071 1.09471
1.21138 1.07865 1.13998
1.18332 1.07032 1.11491
0.992524 1.09343 1.06518
0.970077 1.03866 1.02697
1.02619 0.975111 1.0068
0.964465 0.968204 0.936265
0.925184 0.846934 0.851954
0.891513 0.7689 0.823098
0.796115 0.792736 0.826509
0.773668 0.838623 0.850189
0.807338 0.867941 0.883996
0.841008 0.912331 0.941226
0.986912 0.957707 0.970917
1.06548 0.96283 0.88866
0.599705 0.791759 0.685783
0.521141 0.684824 0.601071
0.594093 0.716199 0.6183
0.633375 0.699777 0.647548
0.633375 0.72106 0.662159
0.661434 0.667081 0.665795
0.723162 0.634793 0.677442
0.661434 0.669933 0.71849
0.829785 0.609315 0.707035
0.655822 0.617535 0.610367
0.335955 0.610667 0.481075
0.352791 0.571485 0.443713
0.476248 0.578571 0.565754
0.465024 0.581191 0.630252
0.605317 0.593258 0.629413
0.779279 0.569379 0.631512
0.818561 0.495391 0.665766
0.633375 0.532713 0.670806
0.571647 0.546795 0.67762
0.61654 0.59287 0.68924
0.801726 0.642073 0.640723
0.566035 0.585964 0.494799
0.139546 0.281619 0.31117
0.246168 0.376585 0.212897
0.21811 0.146486 0.0782031
-0.0288048 -0.0121104 -0.123201
-0.0680867 -0.0103681 -0.148123
-0.0568633 -0.00318635 -0.00553256
0.21811 0.108541 0.148682
0.201275 0.257325 0.161068
0.111488 0.167584 0.204964
0.313509 0.13028 0.357504
0.307897 0.218887 0.444768
0.526753 0.235472 0.379288
0.240557 0.126604 0.208093
0.145158 0.0564419 0.117737
0.0497589 0.0127046 0.033491
0.0553706 -0.0307694 -0.0489575
-0.208379 -0.0764305 -0.134306
-0.163486 -0.174793 -0.127195
0.105876 -0.0906632 0.0580559
0.234945 0.0276189 0.22509
0.18444 0.105896 0.284423
0.190051 0.133241 0.290813
0.18444 0.230752 0.297218
0.223721 0.244112 0.246302
-0.0288048 0.00215156 0.0249708
-0.00635805 -0.0402777 -0.0782868
0.010477 0.0507079 0.0217062
-0.0512516 0.164671 0.106985
-0.0512516 0.0991962 0.0690051
-0.174709 -0.0215825 -0.0459131
-0.247661 -0.115226 -0.0732163
-0.337448 -0.102361 -0.0122407
-0.129815 -0.0472572 0.0641956
-0.062475 -0.0609299 0.116632
0.0722057 -0.0658676 0.189075
0.240557 0.0161485 0.130019
-0.191544 -0.152161 -0.142969
-0.522634 -0.477198 -0.405815
-0.595586 -0.58755 -0.510445
-0.550693 -0.607887 -0.512063
-0.281331 -0.611868 -0.411364
-0.197156 -0.470154 -0.38643
-0.488964 -0.64744 -0.533448
-0.730267 -0.572395 -0.751453
-0.853724 -0.752901 -0.923674
-1.01085 -0.900142 -1.04392
-1.06697 -0.841829 -0.936526
-0.567528 -0.683475 -0.606579
-0.517022 -0.339929 -0.478811
-0.77516 -0.416761 -0.73504
-0.915453 -0.865227 -0.945195
-0.898618 -0.858222 -1.01088
-1.12309 -0.818158 -1.0947
-1.30827 -0.947601 -1.19658
-1.06697 -0.970322 -1.18194
-1.14553 -0.978974 -1.26273
-1.48223 -1.07282 -1.35221
-0.881783 -1.10341 -1.21832
-0.460905 -1.02664 -1.00296
-0.646091 -0.951278 -0.880059
-1.13992 -0.89156 -0.872123
-1.13992 -0.831452 -0.871253
-0.926676 -0.879185 -0.846558
-0.791996 -0.90019 -0.884165
-1.20165 -0.983819 -1.0665
-1.16237 -1.00235 -1.10105
-1.42612 -0.957641 -1.09463
-1.36439 -1.01148 -1.20328
-1.47662 -1.11325 -1.28872
-1.33633 -1.09689 -1.24653
-1.16237 -1.06959 -1.15817
-1.5608 -1.08875 -1.1822
-1.25215 -1.02402 -1.1103
-1.37561 -0.819992 -1.10156
-1.08942 -1.08167 -1.07103
-1.15676 -1.11887 -0.995907
-1.10625 -1.05337 -1.03516
-0.859336 -1.16997 -1.14258
-0.965958 -1.30174 -1.24007
-1.35317 -1.27237 -1.2583
-1.12309 -1.25242 -1.22862
-1.49907 -1.18578 -1.268
-1.71231 -1.13598 -1.39827
-1.72354 -1.15452 -1.52272
-1.57202 -1.46256 -1.60495
-1.38122 -1.74823 -1.65176
-1.26899 -1.75233 -1.52177
-1.14553 -1.50172 -1.32586
-1.50468 -1.31009 -1.33262
-1.39245 -1.45619 -1.37427
-1.78527 -1.44983 -1.4885
-1.83577 -1.44325 -1.5567
-1.32511 -1.5872 -1.52557
-1.68426 -1.64324 -1.51239
-1.54396 -1.54927 -1.39799
-1.52713 -1.35446 -1.35341
-1.63936 -1.29523 -1.37208
-1.57763 -1.24102 -1.38874
-1.63375 -1.33631 -1.37369
-1.62814 -1.35205 -1.41125
-1.4654 -1.27385 -1.33007
-1.44856 -1.24306 -1.25648
-1.38684 -1.1164 -1.13661
-0.977182 -1.00798 -1.0422
-1.09503 -1.16907 -1.06207
-1.45418 -1.29865 -1.10677
-1.35317 -1.33153 -1.01874
-1.10625 -1.22164 -0.986692
-1.48223 -1.32964 -1.21844
-1.62253 -1.44546 -1.36985
-1.60008 -1.51828 -1.38578
-1.44856 -1.50249 -1.28688
-1.37 -1.38516 -1.31191
-1.36439 -1.41023 -1.27397
-1.20726 -1.31951 -1.06815
-0.488964 -1.24227 -0.866422
-0.960346 -1.25041 -0.835112
-0.999628 -1.29452 -0.893408
-0.831277 -1.30351 -1.08687
-1.44856 -1.48095 -1.3121
-1.49346 -1.59925 -1.50186
-1.47101 -1.62601 -1.58731
-1.45418 -1.59243 -1.57211
-1.44856 -1.64149 -1.52128
-1.45979 -1.64931 -1.52724
-1.50468 -1.62088 -1.50147
-1.54396 -1.59014 -1.45138
-1.49346 -1.54844 -1.41963
-1.48785 -1.53014 -1.4024
-1.34194 -1.55209 -1.36806
-1.42051 -1.63572 -1.38746
-1.44856 -1.59493 -1.45428
-1.4654 -1.59305 -1.531
-1.55519 -1.66711 -1.54643
-1.24654 -1.62271 -1.38249
-0.921065 -1.52911 -1.25964
-0.752714 -1.4446 -1.10487
-0.646091 -1.38134 -1.06884
-0.893006 -1.42569 -1.21035
-1.07819 -1.49384 -1.29002
-1.16798 -1.42422 -1.27684
-1.24654 -1.37778 -1.31443
-1.15676 -1.38355 -1.3694
-1.21848 -1.40328 -1.43392
-1.25215 -1.39568 -1.32249
-0.994017 -1.27362 -1.08759
-0.864948 -1.21112 -0.995488
-0.97157 -1.12758 -1.03354
-1.09503 -1.06711 -1.08993
-1.02208 -1.04299 -1.05172
-0.904229 -0.957793 -0.948289
-0.864948 -0.86965 -0.925981
-0.814442 -0.844184 -0.824579
-0.70782 -0.806314 -0.654866
-0.281331 -0.697649 -0.466388
-0.236438 -0.529301 -0.370832
-0.135427 -0.574436 -0.354821
-0.713432 -0.570512 -0.513675
-0.584363 -0.630089 -0.670102
-0.690985 -0.689225 -0.678952
-0.331836 -0.493108 -0.540487
-0.298166 -0.565665 -0.475157
-0.421624 -0.626636 -0.550598
-0.60681 -0.555325 -0.628787
-0.522634 -0.46548 -0.653278
-0.646091 -0.495279 -0.750364
-0.870559 -0.521283 -0.865084
-0.797607 -0.490944 -0.863275
-0.567528 -0.456252 -0.650347
-0.37673 -0.347203 -0.374599
-0.208379 -0.218119 -0.329863
-0.545081 -0.529827 -0.525972
-0.612421 -0.741652 -0.651111
-0.483352 -0.667141 -0.565825
-0.460905 -0.500928 -0.415903
-0.242049 -0.362448 -0.382383
-0.404788 -0.386748 -0.453051
-0.545081 -0.390865 -0.570809
-0.634868 -0.442381 -0.562637
-0.264496 -0.280661 -0.395673
-0.0793101 -0.0956133 -0.255319
-0.124204 -0.139363 -0.22018
-0.30939 -0.186576 -0.202549
-0.163486 -0.0923774 -0.0495228
0.122711 -0.0160759 0.0785615
0.122711 0.139539 0.0220404
-0.135427 -0.0484923 -0.225213
-0.539469 -0.368781 -0.477801
-0.517022 -0.417814 -0.513547
-0.270108 -0.239261 -0.259719
0.0329238 0.0742223 -0.00876805
0.302285 0.298025 0.237203
0.31912 0.310632 0.258345
0.00486534 0.191356 0.16189
0.150769 0.28938 0.275183
0.223721 0.53596 0.372805
0.0385355 0.242075 0.235067
0.100264 0.224099 0.197962
0.296674 0.338345 0.308513
0.201275 0.348801 0.348142
0.234945 0.377639 0.353058
0.122711 0.269722 0.182339
0.0890408 0.063324 0.0415161
0.150769 0.032565 0.0218628
0.0553706 0.0526435 0.0176416
0.0890408 0.0923712 0.0432519
0.212498 0.185622 0.125333
0.302285 0.20916 0.156445
0.150769 0.200203 0.17933
0.167605 0.253144 0.26893
0.425743 0.532773 0.48206
0.902737 0.674596 0.7017
0.571647 0.658309 0.700285
0.728774 0.683872 0.757847
0.841008 0.753623 0.730632
0.526753 0.656397 0.519616
0.324732 0.506061 0.355372
0.296674 0.494376 0.411341
0.392072 0.754199 0.519922
0.498695 0.708337 0.533022
0.459413 0.675899 0.374394
0.566035 0.526816 0.41957
0.655822 0.630089 0.565058
0.622152 0.755346 0.688996
0.902737 0.877771 0.923321
1.39095 1.15954 1.203
0.784891 1.1974 1.08936
0.521141 0.76562 0.795455
0.605317 0.622312 0.679543
0.622152 0.663396 0.676479
0.58287 0.656086 0.704355
0.667045 0.721006 0.719037
0.745609 0.794353 0.693558
0.863455 0.718179 0.65249
0.874678 0.663279 0.670807
0.925184 0.678906 0.783771
0.784891 0.838553 0.817595
0.661434 0.782984 0.802055
0.885902 0.902949 0.884938
0.958854 0.905785 0.946965
1.1721 0.951492 1.02974
1.30678 1.04743 1.03728
0.739998 0.881096 0.891224
0.835396 0.815218 0.841659
0.841008 0.876446 0.806323
0.622152 0.862405 0.678634
0.571647 0.795654 0.52089
0.745609 0.628999 0.5532
0.588482 0.697123 0.672509
0.857843 0.73161 0.766744
0.857843 0.779651 0.880173
1.07109 0.897114 0.964046
1.16087 1.00742 1.01136
1.20016 1.02053 0.99711
0.992524 0.93888 0.961779
0.953242 0.836964 0.934944
1.03742 0.885789 0.955921
1.1272 0.978237 1.06001
0.953242 1.12396 1.15001
0.919572 1.23762 1.12957
0.970077 1.257 1.11536
0.852231 1.25272 1.07342
0.779279 1.07881 1.01107
0.891513 0.999582 0.993414
1.02619 1.09484 1.04992
0.91396 1.11693 1.07961
1.13282 1.20023 1.12197
1.1272 1.242 1.05276
1.09353 1.24293 1.08084
1.00936 1.17896 1.10589
1.07109 1.13803 1.12703
1.09915 1.18971 1.14678
1.16649 1.27252 1.2087
1.11598 1.2717 1.23933
1.22822 1.32727 1.31748
1.34606 1.39803 1.41286
1.4134 1.40547 1.43634
1.34606 1.25768 1.40057
1.23383 1.26009 1.34134
1.26189 1.32725 1.33363
1.19454 1.26189 1.28209
1.15526 1.15808 1.20853
1.18893 1.13564 1.14773
0.975689 1.16065 1.01256
0.885902 0.991756 0.895279
0.863455 1.01019 0.893673
0.689492 1.08683 0.891365
0.706327 1.01181 0.834401
0.992524 0.988491 0.926977
1.05425 1.00892 1.01706
1.10476 1.00538 1.05716
1.23383 1.05159 1.13225
1.25066 1.12268 1.23311
1.09915 1.16776 1.23128
1.14404 1.15539 1.19998
1.21138 1.1531 1.12041
1.02619 1.14372 1.03057
1.05425 1.23406 1.05933
1.0767 1.28563 1.12463
1.21138 1.25711 1.18133
1.31239 1.30135 1.20836
1.31239 1.29243 1.22689
1.23383 1.27021 1.27788
1.28433 1.2334 1.35182
1.40218 1.27486 1.41296
1.45829 1.38093 1.45553
1.32923 1.41908 1.44587
1.4134 1.41308 1.4607
1.24505 1.39352 1.39421
1.14404 1.21898 1.21289
1.05986 1.13786 1.08773
0.9813 1.09779 1.00787
0.964465 1.02211 0.980953
1.20577 1.09521 1.03935
1.05986 1.13608 1.01464
0.919572 1.11978 1.00672
0.964465 1.11316 1.06551
0.975689 1.22327 1.1512
0.925184 1.26741 1.07757
1.02619 1.23035 1.02728
0.94763 1.15667 1.02922
1.0767 1.12593 1.07476
1.02619 1.10349 1.08361
1.02619 1.11577 1.06507
0.925184 1.0649 1.01976
0.964465 1.05903 1.0077
0.992524 1.06045 1.0194
1.06548 1.05482 1.03748
1.10476 1.07513 1.08676
1.16087 1.0936 1.13469
1.09353 1.10172 1.14802
1.04864 1.05486 1.13414
0.9813 1.04145 1.10147
1.00936 1.02498 1.08717
1.09353 1.05404 1.12669
1.08792 1.06595 1.13689
0.919572 1.01533 1.0603
1.11037 0.998824 1.02255
1.04303 1.01778 0.98698
1.02058 0.927268 0.92517
0.88029 0.832873 0.814851
0.829785 0.79026 0.789587
0.711939 0.791802 0.777876
0.667045 0.755293 0.722609
0.58287 0.657422 0.642146
0.734386 0.620552 0.684478
0.818561 0.727071 0.728975
0.661434 0.711133 0.710149
0.717551 0.685506 0.721984
0.739998 0.670377 0.650493
0.571647 0.612238 0.515672
0.453801 0.522442 0.402705
0.470636 0.469928 0.427985
0.521141 0.490978 0.496131
0.386461 0.533137 0.371103
0.279838 0.349953 0.253361
0.240557 0.289229 0.25574
0.532365 0.381158 0.527054
0.88029 0.645029 0.755489
0.610929 0.72474 0.610409
0.274227 0.493451 0.343534
0.0890408 0.269344 0.21279
0.279838 0.4303 0.355757
0.622152 0.667768 0.543868
0.51553 0.539204 0.477358
0.436966 0.338777 0.406331
0.330344 0.334503 0.450046
0.493083 0.374467 0.463862
0.560423 0.377123 0.424544
0.397684 0.271327 0.333399
0.375237 0.268555 0.279527
0.268615 0.269368 0.238365
0.195663 0.21252 0.165348
0.167605 0.166997 0.177521
0.274227 0.204173 0.293583
0.302285 0.284249 0.369933
0.453801 0.388685 0.414323
0.291062 0.458383 0.445963
0.414519 0.468954 0.494384
0.65021 0.491804 0.489092
0.240557 0.293666 0.237738
-0.101757 -0.061205 -0.0295971
-0.14665 -0.17019 -0.111356
0.229333 -0.0441557 0.052463
0.201275 0.0989937 0.162511
0.111488 0.064191 0.0478426
-0.062475 -0.196653 -0.17533
-0.354283 -0.333333 -0.36853
-0.399177 -0.396707 -0.456474
-0.382342 -0.387461 -0.351132
-0.303778 -0.223881 -0.139225
0.0385355 0.0147173 -0.0491071
-0.713432 -0.267157 -0.42226
-0.713432 -0.597308 -0.546468
-0.180321 -0.381412 -0.328993
-0.135427 -0.322438 -0.1166
-0.11298 -0.267646 -0.124203
-0.197156 -0.335744 -0.254187
-0.455294 -0.480707 -0.364785
-0.4104 -0.391889 -0.361892
-0.365507 -0.358146 -0.358606
-0.455294 -0.42791 -0.480987
-0.786384 -0.520483 -0.611366
-0.522634 -0.534659 -0.536877
-0.191544 -0.395182 -0.308408
-0.472129 -0.358019 -0.328235
-0.202767 -0.398389 -0.406406
-0.219603 -0.387211 -0.420248
-0.326225 -0.410792 -0.417967
-0.662927 -0.533452 -0.475735
-0.842501 -0.591454 -0.555874
-0.803219 -0.686427 -0.612512
-0.763937 -0.688481 -0.671921
-0.943511 -0.718274 -0.70236
-0.915453 -0.682575 -0.67758
-0.74149 -0.586246 -0.580727
-0.808831 -0.49267 -0.639268
-1.13992 -0.870883 -0.883719
-1.43173 -0.771634 -1.06434
-1.24093 -0.941772 -1.09354
-0.965958 -1.04452 -0.972357
-0.977182 -0.817842 -0.804894
-0.545081 -0.758548 -0.629655
-0.601198 -0.671007 -0.752924
-0.943511 -0.940023 -1.06761
-1.11186 -1.28302 -1.28902
-1.10064 -1.35153 -1.19031
-0.735879 -1.06347 -0.95224
-0.539469 -0.976925 -0.799526
-0.74149 -0.932183 -0.767465
-0.9379 -0.909659 -0.847217
-1.08942 -0.92447 -0.978546
-1.01646 -1.1146 -1.09851
-0.898618 -1.21425 -1.22771
-0.9379 -1.35249 -1.22446
-0.988405 -1.45385 -1.26575
-1.20726 -1.52647 -1.3472
-1.24093 -1.54769 -1.32297
-1.33072 -1.46779 -1.31674
-1.33072 -1.25822 -1.36759
-1.52713 -1.38095 -1.39385
-1.71793 -1.40218 -1.3773
-1.69548 -1.30808 -1.34641
-1.78527 -1.31723 -1.42617
-1.68426 -1.4322 -1.54055
-1.94239 -1.52509 -1.67979
-2.07707 -1.39678 -1.79182
-2.02657 -1.43239 -1.72569
-1.57202 -1.29307 -1.5516
-1.91433 -1.3554 -1.40886
-1.38684 -1.31522 -1.29032
-1.44295 -1.25347 -1.38074
-1.97606 -1.34081 -1.57972
-2.00412 -1.49567 -1.56752
-1.70109 -1.30533 -1.33724
-1.41489 -1.35782 -1.35443
-1.67303 -1.49652 -1.48939
-1.7516 -1.47666 -1.63063
-1.68987 -1.5338 -1.64287
-2.03779 -1.63186 -1.66653
-2.04902 -1.63191 -1.68989
-1.8975 -1.64574 -1.67608
-1.9929 -1.49248 -1.68822
-1.9929 -1.50073 -1.65626
-1.79088 -1.47267 -1.64388
-2.09952 -1.66104 -1.7781
-2.17808 -1.78811 -1.8937
-1.79088 -1.85998 -1.82132
-1.1287 -1.82558 -1.63
-1.31388 -1.50859 -1.39899
-1.34194 -1.47035 -1.34073
-1.67303 -1.49755 -1.46432
-1.47101 -1.52074 -1.58765
-1.74598 -1.60767 -1.59499
-1.7516 -1.49065 -1.52214
-1.45979 -1.38556 -1.45719
-1.65059 -1.36312 -1.43615
-1.19604 -1.28077 -1.22704
-0.791996 -1.1855 -1.10056
-0.893006 -1.14612 -1.09751
-0.786384 -1.30441 -1.13726
-1.16237 -1.2763 -1.17462
-1.50468 -1.23847 -1.28256
-1.58324 -1.306 -1.37381
-1.34194 -1.33678 -1.34377
-1.20165 -1.25489 -1.30463
-1.43173 -1.36204 -1.30973
-1.53835 -1.40289 -1.32911
-1.63936 -1.38604 -1.40126
-1.48785 -1.58154 -1.4404
-1.28021 -1.6483 -1.50216
-1.18481 -1.61229 -1.48512
-1.05575 -1.57343 -1.42247
-1.2241 -1.52866 -1.39607
-1.52713 -1.41699 -1.37106
-1.55519 -1.29813 -1.26965
-1.48223 -1.16769 -1.19872
-1.49346 -1.20938 -1.33134
-1.39245 -1.46922 -1.51547
-1.65059 -1.53195 -1.60429
-1.6113 -1.44987 -1.55713
-1.52713 -1.40372 -1.4404
-1.31388 -1.31993 -1.37107
-1.45418 -1.31319 -1.39836
-1.41489 -1.32449 -1.40037
-1.48785 -1.30494 -1.31447
-1.49907 -1.27326 -1.22108
-1.13431 -1.16337 -1.23626
-1.12309 -1.32223 -1.30927
-1.0333 -1.41668 -1.32778
-1.18481 -1.41218 -1.33301
-1.09503 -1.39519 -1.22889
-0.77516 -1.23533 -1.03005
-0.646091 -1.02734 -0.887722
-0.595586 -0.924741 -0.825869
-0.752714 -0.920195 -0.9905
-0.954735 -1.12859 -1.12538
-1.01646 -1.11333 -1.23036
-1.29144 -1.20232 -1.26324
-1.01085 -1.27432 -1.21112
-0.921065 -1.20147 -1.13492
-1.05013 -1.16751 -0.992919
-0.825666 -0.942077 -0.826591
-0.853724 -0.782889 -0.774786
-0.685373 -0.819323 -0.816214
-0.859336 -0.951536 -0.890152
-0.999628 -0.83626 -0.903938
-0.77516 -0.668985 -0.856329
-0.791996 -0.707717 -0.777118
-0.64048 -0.604211 -0.654544
-0.286943 -0.404 -0.491372
-0.533857 -0.422013 -0.435467
-0.589974 -0.395547 -0.429738
-0.511411 -0.393361 -0.43772
-0.483352 -0.387228 -0.455207
-0.275719 -0.393829 -0.402056
-0.589974 -0.429096 -0.392305
-0.298166 -0.341037 -0.316893
-0.365507 -0.220793 -0.255303
-0.141039 -0.172928 -0.293798
-0.202767 -0.483955 -0.526984
-0.432847 -0.543929 -0.610264
-0.556304 -0.452292 -0.533243
-0.685373 -0.395478 -0.453454
-0.629256 -0.323868 -0.369511
-0.298166 -0.254473 -0.298722
-0.533857 -0.174491 -0.346575
-0.393565 -0.316814 -0.398466
-0.421624 -0.391675 -0.389885
-0.460905 -0.321987 -0.308898
-0.337448 -0.216072 -0.186608
-0.152262 -0.0951897 -0.0431679
0.296674 0.0780369 0.170961
0.369626 0.23936 0.357503
0.459413 0.351909 0.332741
-0.0793101 0.229344 -0.0474108
-0.348672 -0.209452 -0.337962
-0.298166 -0.187004 -0.305015
-0.174709 -0.0267122 -0.0810294
0.111488 0.177071 0.170996
0.526753 0.362702 0.555056
0.88029 0.684539 0.726649
0.133934 0.588472 0.32173
-0.0793101 0.115712 0.00774556
-0.0512516 0.0245389 -0.0863772
0.0385355 0.0578098 -0.0105355
0.190051 0.11371 0.0667293
0.268615 0.183112 0.179489
0.369626 0.310288 0.28454
0.31912 0.373118 0.282803
0.229333 0.24408 0.271987
0.397684 0.322559 0.304795
0.150769 0.270295 0.187396
0.0834291 0.108913 0.0933596
0.212498 0.139121 0.132684
0.212498 0.161184 0.18933
0.31912 0.237333 0.264301
0.324732 0.344023 0.367324
0.414519 0.466379 0.483389
0.633375 0.648564 0.658435
0.751221 0.801243 0.790911
0.240557 0.692051 0.616987
0.279838 0.451851 0.388555
0.263003 0.46769 0.338516
0.414519 0.530568 0.397722
0.330344 0.616545 0.430375
0.307897 0.587484 0.378967
0.504306 0.443177 0.423447
0.610929 0.511635 0.550883
0.65021 0.589952 0.604728
0.414519 0.650861 0.543125
0.560423 0.620717 0.514096
0.605317 0.638577 0.512559
0.58287 0.570487 0.536334
0.605317 0.601293 0.57555
0.605317 0.664238 0.600756
0.610929 0.746642 0.624724
0.65021 0.729239 0.679768
0.672657 0.733013 0.758917
0.633375 0.856505 0.748558
0.588482 0.720005 0.650818
0.638987 0.826125 0.726484
0.768056 0.967701 0.865113
0.964465 1.00987 1.00325
1.14404 1.08914 1.16394
1.02058 1.07003 1.14065
1.00936 1.02777 1.02045
0.841008 0.958238 0.797882
0.869067 0.752117 0.779563
0.936407 0.836662 0.889259
0.9813 1.00213 0.9385
0.521141 0.976319 0.753341
0.470636 0.741108 0.641199
0.605317 0.632237 0.649976
0.796115 0.693176 0.776637
0.824173 0.852621 0.946141
1.07109 1.09222 1.15392
1.22822 1.30455 1.35274
1.37973 1.33876 1.50487
1.49758 1.29701 1.50074
1.40779 1.31418 1.41554
1.1272 1.34203 1.31724
1.18893 1.2896 1.25495
0.986912 1.17015 1.13513
1.11598 1.17709 1.09598
1.12159 1.2183 1.13408
0.958854 1.19741 1.06439
0.953242 1.15743 1.12074
1.30117 1.30613 1.35566
1.24505 1.48265 1.41135
1.11037 1.42707 1.3543
1.26189 1.31384 1.38322
1.19454 1.31305 1.36481
1.04303 1.23688 1.21704
1.08792 1.11726 1.14533
0.986912 1.11972 1.05607
1.02058 1.01831 1.05542
1.08792 1.00825 1.13782
1.21699 1.09153 1.22845
1.22822 1.20847 1.26781
1.06548 1.1826 1.15462
0.998136 1.20944 1.09017
1.20577 1.19102 1.12117
1.30678 1.15269 1.18601
1.09915 1.18853 1.19328
1.18893 1.19351 1.14775
1.14404 1.15304 1.12989
1.20577 1.1702 1.134
1.18893 1.22162 1.12133
1.15526 1.24387 1.11239
1.18893 1.15936 1.13169
1.28433 1.21876 1.16614
1.34606 1.24196 1.22175
1.32361 1.13086 1.21618
1.15526 1.18795 1.18368
1.13282 1.19538 1.17976
1.00936 1.18266 1.13382
1.04864 1.08066 1.16507
1.1721 1.16087 1.25431
1.36851 1.23191 1.30154
1.318 1.27013 1.29329
1.30678 1.26866 1.23794
1.318 1.29947 1.24656
1.25066 1.27173 1.23623
1.28994 1.28607 1.21822
1.23944 1.23258 1.24949
1.09915 1.29725 1.25931
1.00375 1.26729 1.17011
0.998136 1.14419 1.07708
0.958854 1.14212 0.984744
0.91396 1.08994 0.941712
1.09353 1.06523 0.983253
1.17771 1.06737 0.969702
1.13843 1.11711 0.973655
1.1272 1.11033 1.02318
1.14404 1.08138 1.08086
1.20577 1.07543 1.17995
1.28433 1.19565 1.26157
1.21699 1.26388 1.26268
1.23383 1.23731 1.2127
1.27311 1.13867 1.17089
1.16649 1.0589 1.12949
1.08231 1.14995 1.14672
1.17771 1.18157 1.14876
1.26189 1.1877 1.13218
1.08792 1.17889 1.09386
1.04864 1.19326 1.05739
1.02619 1.1833 1.03924
1.01497 1.17483 1.03171
1.00936 1.14839 1.0307
1.1272 1.15985 1.02963
0.9813 1.16963 1.03423
0.919572 1.17313 0.997864
0.902737 0.979301 1.00398
0.958854 1.05746 1.10183
1.1272 1.19227 1.13315
0.91396 1.02233 0.990644
0.958854 0.904092 0.886459
0.964465 0.84256 0.837184
0.902737 0.830062 0.875697
0.942019 0.87034 0.995123
1.12159 0.911598 1.0394
1.03742 0.93486 0.98307
0.919572 0.836791 0.960349
0.739998 0.775498 0.875088
0.728774 0.759057 0.833462
0.908348 0.810406 0.861429
0.942019 0.82411 0.867019
0.801726 0.773968 0.752837
0.768056 0.736781 0.672583
0.908348 0.739913 0.744393
0.869067 0.716798 0.821955
0.841008 0.78674 0.826093
0.908348 0.776953 0.823413
0.751221 0.777504 0.724844
0.801726 0.817085 0.650909
0.588482 0.708835 0.550537
0.425743 0.585194 0.450438
0.48186 0.563262 0.462188
0.504306 0.619621 0.523374
0.504306 0.737049 0.562608
0.594093 0.792904 0.636546
0.622152 0.673424 0.694524
0.599705 0.643082 0.737907
0.644599 0.735261 0.730685
0.672657 0.736426 0.687958
0.700716 0.581467 0.602879
0.543588 0.484423 0.561142
0.554812 0.468397 0.496754
0.313509 0.431876 0.38588
0.18444 0.321119 0.322519
0.229333 0.375554 0.403735
0.313509 0.541502 0.582398
0.5492 0.621367 0.575014
0.431354 0.445076 0.426901
0.206886 0.322695 0.286507
0.335955 0.168381 0.278577
0.268615 0.203278 0.280127
0.21811 0.2381 0.252863
0.21811 0.214586 0.26123
0.274227 0.196314 0.308992
0.347179 0.254755 0.327939
0.201275 0.307331 0.290564
0.358402 0.300899 0.239253
0.335955 0.144396 0.191047
0.173216 0.0572737 0.128253
0.0273121 0.0426295 0.099836
0.145158 0.173315 0.211184
0.122711 0.269659 0.23158
0.195663 0.201629 0.0972602
-0.152262 -0.00904583 -0.029614
0.0722057 -0.0121151 0.0259384
0.139546 0.0577025 0.155412
0.0273121 0.0900225 0.150197
0.307897 0.168371 0.210229
0.246168 0.175475 0.160043
-0.0568633 0.00173546 0.0307435
0.279838 0.0329417 0.0510199
0.122711 0.0948378 0.0124279
-0.191544 -0.108279 -0.0898957
-0.0288048 -0.15754 -0.109557
-0.169097 -0.232116 -0.0877714
-0.0680867 -0.21734 -0.043256
0.139546 -0.116451 0.0759993
0.0441472 -0.0267199 0.123141
0.010477 0.0366899 -0.123264
-0.702208 -0.439875 -0.52993
-0.713432 -0.536289 -0.738199
-0.690985 -0.606332 -0.813682
-0.831277 -0.756137 -0.917314
-0.887394 -0.799067 -0.998377
-0.842501 -0.829914 -0.964013
-0.797607 -0.773062 -0.859909
-0.713432 -0.695615 -0.704053
-0.488964 -0.502499 -0.617634
-0.561916 -0.632697 -0.707688
-0.876171 -0.730119 -0.937176
-0.814442 -0.822267 -0.959937
-0.954735 -0.772223 -0.830751
-0.522634 -0.499319 -0.610469
-0.77516 -0.447905 -0.807092
-1.02769 -0.92189 -1.13751
-1.21287 -0.953739 -1.17134
-1.04452 -0.715554 -1.06221
-0.932288 -0.868573 -1.10367
-1.16798 -1.23395 -1.29591
-1.40928 -1.20659 -1.39511
-1.45418 -1.23134 -1.32876
-1.43734 -0.956744 -1.19816
-1.12309 -0.814909 -1.12855
-1.28582 -1.10652 -1.33534
-1.24093 -1.44054 -1.50604
-1.48223 -1.34642 -1.62415
-1.7516 -1.26673 -1.70327
-1.76282 -1.39526 -1.68191
-1.5608 -1.52078 -1.58592
-1.31949 -1.50319 -1.39371
-1.33072 -1.23862 -1.25219
-1.34194 -1.12027 -1.34002
-1.31388 -1.30203 -1.55075
-1.79649 -1.52127 -1.77063
-2.0883 -1.45853 -1.97081
-2.12197 -1.63562 -2.01462
-2.07146 -1.62609 -1.94813
-1.88066 -1.51941 -1.85332
-1.48223 -1.52618 -1.74723
-1.37561 -1.82615 -1.69916
-1.33633 -1.78252 -1.55428
-1.43173 -1.5381 -1.36404
-1.24093 -1.27667 -1.22195
-1.39806 -1.16236 -1.20156
-1.79649 -1.40378 -1.43859
-1.8021 -1.54083 -1.55083
-1.49907 -1.63042 -1.5803
-1.88066 -1.73709 -1.75788
-1.73476 -1.89738 -1.80614
-2.10513 -1.79013 -1.80709
-1.7067 -1.67669 -1.54026
-1.4654 -1.20039 -1.40933
-1.8021 -1.43686 -1.6219
-1.86383 -1.70962 -1.77069
-1.8021 -1.70425 -1.83504
-1.80771 -1.61539 -1.7803
-1.68987 -1.48447 -1.69078
-1.54396 -1.49846 -1.55219
-1.5608 -1.40754 -1.4173
-1.47101 -1.38051 -1.40618
-1.32511 -1.26912 -1.33145
-1.01085 -1.16159 -1.20224
-0.97157 -1.30434 -1.25705
-1.35317 -1.50884 -1.50534
-1.80771 -1.658 -1.68585
-1.77965 -1.66358 -1.84449
-1.89189 -1.68812 -1.85758
-1.65059 -1.51323 -1.67914
-1.43173 -1.5579 -1.57851
-1.97606 -1.57331 -1.71832
-1.95362 -1.4966 -1.75266
-1.43173 -1.41042 -1.6879
-1.48223 -1.72369 -1.82187
-1.72354 -1.93376 -1.94947
-1.30266 -1.78798 -1.73315
-1.24093 -1.6905 -1.56178
-1.08942 -1.67025 -1.4781
-1.14553 -1.67837 -1.44207
-0.893006 -1.66835 -1.31516
-0.977182 -1.54808 -1.20604
-1.01646 -1.46036 -1.21676
-1.15114 -1.57393 -1.21508
-1.29144 -1.4468 -1.19396
-1.28021 -1.25234 -1.27996
-1.25215 -1.38608 -1.42775
-1.8975 -1.34676 -1.66726
-1.97606 -1.39978 -1.75336
-1.83577 -1.41841 -1.71812
-1.84138 -1.32531 -1.62938
-1.58324 -1.492 -1.61904
-1.57763 -1.59098 -1.71182
-1.71231 -1.65566 -1.69613
-1.60569 -1.50803 -1.44627
-1.00524 -1.00311 -1.15667
-1.1287 -0.811179 -1.10226
-1.33072 -0.863553 -1.17828
-1.1287 -1.17287 -1.31625
-1.34755 -1.44629 -1.47977
-1.72354 -1.30453 -1.62623
-1.81332 -1.45328 -1.65982
-1.74598 -1.18906 -1.58206
-1.39245 -1.0709 -1.45772
-1.50468 -1.07902 -1.38872
-1.57763 -1.15625 -1.49023
-1.53835 -1.31675 -1.60837
-1.33072 -1.30158 -1.58809
-1.13431 -1.41703 -1.49123
-1.34194 -1.64751 -1.56523
-1.5608 -1.65421 -1.57812
-1.48223 -1.45559 -1.39255
-1.13992 -1.0202 -1.19454
-0.848112 -0.780738 -0.917873
-0.893006 -0.693476 -0.7453
-0.326225 -0.288807 -0.533875
-0.679762 -0.467678 -0.846717
-1.21848 -0.881367 -1.2761
-1.52152 -1.04219 -1.46874
-1.5159 -1.12266 -1.53582
-1.38122 -1.11822 -1.47431
-1.31388 -1.1175 -1.34837
-1.21848 -1.11252 -1.2449
-0.758325 -1.08056 -1.02584
-0.533857 -0.857194 -0.832902
-0.573139 -0.735603 -0.733478
-0.690985 -0.605494 -0.612727
-0.135427 -0.35236 -0.457683
-0.466517 -0.345689 -0.616615
-0.735879 -0.702597 -0.816781
-0.791996 -0.600819 -0.941846
-1.04452 -0.506424 -0.969924
-0.999628 -0.592794 -0.927881
-0.926676 -0.683261 -0.86997
-0.831277 -0.648524 -0.822922
-0.623645 -0.715119 -0.721929
-0.432847 -0.580857 -0.615299
-0.455294 -0.444682 -0.594603
-0.371118 -0.469569 -0.586373
-0.264496 -0.417781 -0.463913
-0.230826 -0.357484 -0.370341
-0.213991 -0.329194 -0.320449
-0.225214 -0.27042 -0.295136
-0.169097 -0.232994 -0.272996
-0.0849218 -0.217155 -0.211669
-0.157874 -0.20159 -0.16078
-0.152262 -0.129749 -0.0952637
-0.0344165 -0.091125 0.0245351
0.223721 -0.0134855 0.0360298
-0.236438 -0.102768 -0.208728
-0.528246 -0.549178 -0.437931
-0.320613 -0.435351 -0.347531
-0.141039 -0.183003 -0.171405
-0.281331 -0.242631 -0.178731
-0.494576 -0.184367 -0.310608
-0.382342 -0.34276 -0.360072
-0.152262 -0.321808 -0.271976
-0.124204 -0.186332 -0.167315
-0.157874 -0.0322833 -0.123094
0.0329238 -0.0974781 -0.0914729
-0.0288048 -0.0254902 -0.0703651
0.0160887 -0.0186966 -0.0545762
0.167605 0.0754177 -0.00369153
0.274227 0.0840085 0.11314
0.246168 0.134187 0.184712
0.364014 0.251811 0.248761
0.195663 0.339212 0.259107
0.302285 0.37821 0.2722
0.465024 0.392358 0.307973
0.240557 0.230555 0.226548
0.0946525 0.219589 0.142994
0.178828 0.401112 0.192265
0.156381 0.544047 0.210115
0.21811 0.307974 0.200896
0.274227 0.248331 0.191487
0.274227 0.1985 0.193064
0.302285 0.159528 0.251301
0.313509 0.233833 0.295107
0.212498 0.322794 0.266667
0.352791 0.37417 0.316059
0.448189 0.486098 0.441853
0.605317 0.549092 0.56932
0.717551 0.576701 0.55557
0.571647 0.558631 0.536926
0.487471 0.523008 0.52339
0.543588 0.516025 0.510491
0.51553 0.547523 0.547077
0.560423 0.55899 0.610386
0.655822 0.628221 0.659836
0.779279 0.537657 0.654453
0.667045 0.511862 0.617438
0.644599 0.586247 0.585431
0.700716 0.712294 0.773007
0.986912 0.904474 1.06792
1.23383 1.11706 1.31831
1.06548 1.13358 1.39281
1.00936 1.12624 1.23255
1.09353 0.831906 0.958287
0.717551 0.676292 0.762905
0.885902 0.686165 0.926358
1.1272 0.802581 1.1615
0.919572 0.905454 1.10549
0.762444 0.960822 0.941925
0.829785 0.935013 0.89374
0.728774 0.848837 0.847217
0.91396 0.790089 0.854985
0.9813 0.877472 0.971363
1.13843 1.02706 1.05544
1.11598 1.04257 1.09699
1.26189 1.04232 1.14734
1.1721 1.06279 1.1387
0.925184 1.00045 1.06971
1.02619 0.979942 1.00811
1.03742 0.947578 0.983542
1.04864 0.934331 0.950486
1.11598 0.915646 0.949898
0.964465 0.908264 0.971255
1.00936 0.881625 1.00898
1.02058 0.950941 1.07828
0.992524 1.0376 1.15394
1.21699 1.16766 1.24763
1.15526 1.27682 1.24784
1.12159 1.29062 1.22207
1.18893 1.26881 1.18122
1.16087 1.26013 1.14688
1.23383 1.22481 1.13109
1.14404 1.20811 1.11396
1.13843 1.21881 1.13278
1.13282 1.20362 1.18651
1.07109 1.18457 1.20734
1.16649 1.18117 1.16107
1.14965 1.17039 1.11865
1.03181 1.19863 1.10988
1.12159 1.18919 1.14888
1.25066 1.16087 1.19782
1.24505 1.1583 1.20682
1.14965 1.17989 1.13492
1.16087 1.17637 1.14209
1.21699 1.09664 1.17738
1.17771 1.04757 1.21457
1.27872 1.10527 1.27401
1.38534 1.17208 1.33387
1.40779 1.22692 1.34023
1.45268 1.24573 1.3174
1.27872 1.17088 1.22317
1.24505 1.1397 1.15984
1.20577 1.12443 1.12257
1.2675 1.15409 1.12891
1.28433 1.16876 1.16179
1.35728 1.21045 1.24914
1.28994 1.23669 1.284
1.15526 1.18277 1.23269
1.21138 1.18642 1.20292
1.16649 1.21938 1.24593
1.17771 1.30377 1.3124
1.27311 1.34081 1.30998
1.27872 1.37832 1.2061
1.02619 1.29517 1.10799
0.885902 1.18603 0.967424
0.953242 1.10566 0.982548
1.19454 1.19427 1.07771
1.13282 1.18188 1.07983
1.1272 1.2121 1.14219
1.25627 1.24969 1.28074
1.18332 1.281 1.35626
1.32923 1.23841 1.38523
1.20577 1.21963 1.36407
1.13843 1.12336 1.28542
1.20016 1.15956 1.25237
1.23383 1.21895 1.27595
1.27311 1.2914 1.28837
1.12159 1.22151 1.235
1.06548 1.21257 1.14229
1.07109 1.11582 1.09745
1.1272 1.19559 1.06859
1.21138 1.17131 1.13856
1.13843 1.19452 1.17706
1.21699 1.25382 1.19071
1.23383 1.25871 1.22908
1.27872 1.22638 1.23766
1.24505 1.15696 1.2261
1.23383 1.1453 1.19288
1.16087 1.12477 1.09861
0.942019 1.08427 1.00722
0.992524 1.01603 0.970188
0.998136 1.05766 0.952447
1.05986 1.06008 0.947144
1.13843 1.04986 0.954163
1.02058 1.07472 0.948828
1.03742 1.0769 1.01204
1.16087 1.1118 1.08467
1.26189 1.15386 1.15091
1.23944 1.15954 1.18659
1.21699 1.13283 1.22672
1.39657 1.18861 1.25772
1.34045 1.23167 1.22738
0.9813 1.16316 1.11923
1.06548 1.11917 1.14366
1.16649 1.10981 1.13657
0.689492 1.09582 0.880891
0.667045 0.857447 0.698031
0.633375 0.781747 0.691638
0.768056 0.961199 0.797782
0.717551 0.876509 0.855962
0.970077 0.904508 0.982892
1.1721 0.948142 1.00712
0.835396 0.792964 0.846608
0.509918 0.688239 0.629635
0.498695 0.60974 0.546626
0.627764 0.678017 0.565823
0.543588 0.677022 0.600333
0.577258 0.662078 0.555104
0.498695 0.568787 0.463874
0.571647 0.474999 0.435755
0.638987 0.549636 0.519912
0.526753 0.640294 0.547289
0.526753 0.573599 0.530695
0.566035 0.532789 0.574319
0.65021 0.594631 0.739952
0.91396 0.69646 0.861253
0.779279 0.737243 0.759175
0.453801 0.5241 0.573824
0.734386 0.603717 0.676965
0.745609 0.744698 0.756585
0.762444 0.728162 0.744137
0.762444 0.721361 0.773821
0.768056 0.758031 0.777856
0.526753 0.678667 0.653975
0.5492 0.565229 0.60483
0.633375 0.740062 0.607949
0.291062 0.718142 0.419969
0.28545 0.463359 0.259678
0.105876 0.340106 0.0987565
-0.0231931 0.251197 0.113452
0.128323 0.265272 0.246562
0.470636 0.311541 0.433343
0.902737 0.40353 0.644943
0.717551 0.427673 0.624378
0.509918 0.439507 0.623905
0.622152 0.489934 0.662686
0.723162 0.514624 0.692978
0.779279 0.45699 0.731226
0.65021 0.441803 0.667053
0.543588 0.424964 0.585523
0.431354 0.414189 0.551845
0.352791 0.339546 0.531846
0.48186 0.310281 0.517481
0.431354 0.322709 0.459586
0.386461 0.27254 0.321107
0.0441472 0.0902418 0.135494
0.0946525 0.0627012 0.124065
0.133934 0.0848281 0.164847
0.00486534 0.117119 0.171081
0.145158 0.121547 0.265174
0.364014 0.1673 0.33547
0.257392 0.089935 0.222343
0.0160887 -0.0744514 0.00564806
-0.365507 -0.225215 -0.273307
-0.292555 -0.519753 -0.325042
0.0160887 -0.347915 -0.168423
-0.0905335 -0.175668 -0.0979959
-0.230826 -0.203431 -0.22404
-0.303778 -0.380453 -0.41774
-0.438459 -0.463424 -0.42612
-0.298166 -0.283993 -0.29454
-0.242049 -0.312411 -0.358172
-0.735879 -0.511605 -0.594542
-0.803219 -0.445172 -0.59639
-0.337448 -0.361922 -0.451534
-0.601198 -0.468404 -0.570465
-0.836889 -0.650225 -0.781818
-1.05013 -0.589458 -0.916414
-1.28582 -0.668504 -1.00455
-1.26338 -0.781482 -1.08464
-0.965958 -0.874023 -1.13878
-1.37 -1.0623 -1.13099
-1.05575 -0.709889 -0.916589
-1.21287 -0.54075 -0.869708
-1.05575 -0.855149 -1.04084
-1.45979 -0.957764 -1.22635
-1.30266 -1.06317 -1.26441
-1.25777 -1.23056 -1.28103
-1.19604 -1.24182 -1.14223
-1.12309 -0.886884 -0.907511
-0.719043 -0.631404 -0.743692
-0.921065 -0.73734 -0.841598
-1.26338 -1.11682 -1.02459
-1.33072 -1.01431 -1.05285
-1.15676 -0.841812 -0.986658
-1.39806 -0.82752 -1.07701
-1.17359 -1.19667 -1.2822
-1.25777 -1.51282 -1.42633
-1.16798 -1.45586 -1.40257
-1.10625 -1.31752 -1.30162
-1.42612 -1.09973 -1.28565
-1.31388 -1.19394 -1.36489
-1.61691 -1.33236 -1.46539
-1.62814 -1.32237 -1.43667
-1.35317 -1.24194 -1.44683
-1.72915 -1.30343 -1.55955
-1.86944 -1.31823 -1.66992
-1.90311 -1.29217 -1.68604
-1.88628 -1.38902 -1.72909
-1.82455 -1.51776 -1.68574
-1.47662 -1.46218 -1.5271
-1.53835 -1.35216 -1.48801
-1.70109 -1.32238 -1.54466
-1.72915 -1.37647 -1.65217
-1.7067 -1.43296 -1.69155
-1.59447 -1.61435 -1.63568
-1.85822 -1.64937 -1.57
-1.71793 -1.73727 -1.52714
-1.78527 -1.74397 -1.62471
-1.85261 -1.74031 -1.74049
-1.78527 -1.76828 -1.8187
-2.0434 -1.814 -1.84866
-1.62814 -1.80384 -1.67216
-1.18481 -1.66711 -1.47525
-1.11747 -1.68203 -1.41784
-1.26338 -1.73957 -1.44664
-1.60569 -1.74635 -1.50802
-1.7067 -1.71279 -1.56064
-1.76843 -1.76072 -1.63046
-1.81332 -1.82954 -1.69324
-1.8975 -1.87536 -1.75687
-1.90872 -1.9251 -1.72137
-1.68426 -1.83039 -1.4971
-1.29144 -1.61077 -1.344
-1.19604 -1.60637 -1.41642
-1.03891 -1.7719 -1.36059
-0.864948 -1.6323 -1.26418
-1.02208 -1.62248 -1.25774
-1.48223 -1.63259 -1.37449
-1.49907 -1.64823 -1.4832
-1.16798 -1.65024 -1.47534
-1.00524 -1.89149 -1.48343
-1.40367 -1.84015 -1.59358
-1.63936 -1.90304 -1.58707
-1.58324 -1.77291 -1.443
-1.26899 -1.48614 -1.21799
-1.29144 -1.31745 -1.11029
-1.21848 -1.43329 -1.08795
-1.05013 -1.14888 -1.01967
-1.16798 -1.06389 -0.978821
-0.9379 -1.2492 -0.989328
-1.32511 -1.20678 -1.10554
-1.30266 -1.24842 -1.20852
-1.11186 -1.1122 -1.13439
-0.629256 -1.03334 -0.985716
-0.977182 -1.139 -1.07641
-1.33633 -1.2568 -1.32575
-1.40928 -1.51883 -1.3849
-1.1792 -1.51151 -1.29633
-1.26899 -1.43675 -1.22788
-1.38684 -1.3008 -1.12592
-1.26899 -1.13759 -1.06826
-1.20165 -1.06662 -1.03458
-1.25777 -1.04573 -1.10923
-1.29705 -1.15904 -1.13266
-1.16798 -1.15725 -1.19716
-1.13992 -1.42355 -1.37458
-1.34194 -1.61669 -1.5899
-1.45979 -1.63772 -1.65056
-1.35317 -1.60709 -1.64682
-1.38684 -1.58316 -1.65402
-1.55519 -1.62573 -1.63293
-1.44295 -1.56092 -1.48798
-1.26338 -1.42501 -1.31767
-1.32511 -1.30065 -1.28956
-1.23532 -1.25314 -1.19649
-0.719043 -1.10136 -1.00307
-0.926676 -0.856739 -0.823505
-0.623645 -0.718715 -0.677531
-0.70782 -0.743256 -0.563859
-0.315001 -0.638165 -0.503201
-0.449682 -0.746658 -0.618262
-0.685373 -1.03203 -0.838783
-0.932288 -1.09329 -1.03811
-1.15114 -1.11101 -1.08161
-0.954735 -1.09219 -1.03007
-0.982793 -1.01374 -0.926806
-0.921065 -0.760175 -0.817967
-0.825666 -0.589253 -0.785946
-0.820054 -0.636213 -0.695869
-0.387953 -0.67187 -0.608215
-0.505799 -0.907102 -0.678298
-0.70782 -1.01324 -0.861009
-1.09503 -1.09527 -1.0831
-1.28021 -1.04918 -1.18121
-1.13431 -0.923873 -1.2753
-1.40928 -1.05871 -1.36055
-1.31949 -0.985176 -1.24175
-0.646091 -0.673697 -0.907073
-0.960346 -0.543163 -0.785242
-0.836889 -0.529576 -0.705361
-0.573139 -0.408056 -0.542365
-0.455294 -0.31885 -0.364964
-0.152262 -0.229996 -0.255804
-0.281331 -0.182042 -0.322661
-0.589974 -0.329325 -0.475671
-0.488964 -0.429255 -0.605388
-0.618033 -0.522516 -0.697421
-0.713432 -0.533898 -0.6935
-0.584363 -0.505557 -0.549041
-0.320613 -0.325303 -0.368972
-0.208379 -0.150379 -0.233028
-0.0231931 -0.0401759 -0.0580857
0.128323 0.0902583 -0.0550589
-0.236438 -0.160946 -0.170458
-0.236438 -0.095679 -0.131121
0.0273121 0.0320762 0.00415002
0.010477 0.181973 0.0162785
-0.185932 -0.0620201 -0.0919355
-0.230826 -0.243295 -0.165392
-0.141039 -0.236522 -0.104701
0.0385355 -0.212296 -0.0812187
-0.0793101 -0.148242 -0.122481
-0.124204 -0.137296 -0.147037
-0.174709 -0.120931 -0.12112
-0.0288048 0.0148929 0.000729251
0.21811 0.0641961 0.10767
-0.0736984 -0.111368 -0.0237673
-0.281331 -0.240647 -0.146999
-0.129815 -0.0831801 -0.0480823
0.201275 0.154322 0.0423962
0.0722057 0.126361 0.0739871
0.111488 0.069078 0.180481
0.369626 0.20607 0.394725
0.470636 0.306561 0.543712
0.689492 0.43311 0.615786
0.678269 0.508021 0.608926
0.571647 0.504878 0.567717
0.622152 0.506452 0.594888
0.807338 0.61731 0.641744
0.638987 0.624025 0.644287
0.61654 0.663987 0.708115
0.796115 0.758215 0.827258
0.779279 0.863256 0.818537
0.667045 0.796223 0.568744
0.476248 0.743164 0.557072
0.796115 0.787616 0.659952
0.386461 0.69277 0.535949
0.61654 0.593543 0.507279
0.560423 0.637411 0.48212
0.627764 0.54372 0.49106
0.667045 0.617073 0.550048
0.571647 0.63981 0.534181
0.493083 0.613485 0.567478
0.633375 0.681516 0.667649
0.88029 0.797196 0.764822
0.975689 0.792395 0.711026
0.779279 0.702424 0.632999
0.717551 0.655154 0.6625
0.863455 0.742864 0.77717
0.661434 0.77591 0.688887
0.526753 0.587681 0.675999
0.885902 0.759485 0.819691
0.958854 0.899329 0.855943
0.498695 0.729286 0.658591
0.532365 0.852075 0.629631
0.768056 0.791553 0.757135
0.902737 0.91636 0.894866
0.768056 0.903271 0.92352
1.00375 0.941499 1.0062
0.818561 1.05943 1.05614
1.03181 1.034 1.00768
1.0767 1.00938 0.990969
1.11037 1.01334 0.989377
1.11598 0.994505 1.02829
1.01497 0.974537 1.09088
1.0767 1.10411 1.12359
1.00936 1.19948 1.0273
0.521141 1.1192 0.77205
0.51553 0.96858 0.598943
0.801726 0.868265 0.671486
0.818561 0.995622 0.781356
0.953242 1.01071 0.806711
0.756833 0.874221 0.739276
0.796115 0.751792 0.751434
1.04864 0.831665 0.874703
1.08231 0.963365 0.949765
1.13282 0.932443 0.934092
0.908348 0.90712 0.851366
0.964465 0.90992 0.852239
1.06548 0.931722 0.958487
1.14404 0.9872 1.09115
1.27311 1.06795 1.21405
1.28433 1.10734 1.28291
1.25066 1.07343 1.23554
1.18332 1.05714 1.17773
1.25066 1.09141 1.20697
1.30678 1.15733 1.23941
1.35728 1.1952 1.22132
1.31239 1.25465 1.26452
1.28994 1.20674 1.2655
1.1721 1.22013 1.18326
1.14965 1.18465 1.1213
1.06548 1.15959 1.09211
1.27872 1.10099 1.16576
1.13282 1.13458 1.2122
1.1272 1.18617 1.12849
1.03742 1.04431 1.01236
0.863455 0.927578 0.964739
1.03181 0.998955 1.0393
1.14965 1.16903 1.19495
1.11037 1.14055 1.25237
1.27311 1.08147 1.24907
1.20016 1.22555 1.27105
1.2675 1.26683 1.28739
1.25066 1.27185 1.29172
1.20577 1.28386 1.30873
1.38534 1.26973 1.38046
1.47513 1.24634 1.43459
1.35728 1.28033 1.43535
1.29556 1.27405 1.37072
1.32923 1.31809 1.34557
1.46391 1.28003 1.34583
1.15526 1.27296 1.25353
1.05986 1.22921 1.16817
1.02619 1.13595 1.04896
1.08231 1.07601 1.03474
1.1272 1.09909 1.05256
1.11037 1.13463 1.079
1.18893 1.239 1.15057
1.20577 1.29617 1.21047
1.2226 1.31101 1.28069
1.30117 1.36485 1.34436
1.34606 1.31984 1.38754
1.20016 1.29062 1.35426
1.2226 1.32582 1.31515
1.32361 1.36153 1.32966
1.34045 1.38874 1.38096
1.40218 1.38732 1.38148
1.32361 1.3518 1.3464
1.34045 1.33892 1.35744
1.32361 1.33994 1.36512
1.27311 1.3611 1.31102
1.05986 1.24298 1.22133
1.08231 1.1661 1.18707
1.18893 1.16715 1.28719
1.34606 1.20864 1.38926
1.28433 1.20092 1.33586
1.33484 1.26028 1.29656
1.19454 1.2333 1.19862
0.863455 1.16547 1.0692
0.885902 1.20915 0.997988
0.824173 1.20922 1.00663
1.04864 1.22571 1.03646
1.1272 1.19254 1.03947
0.998136 1.17178 0.97815
0.885902 1.15986 0.950685
0.930795 1.08427 0.983597
1.00375 1.1072 1.04656
1.09353 1.16223 1.1094
1.04303 1.1784 1.14728
1.04864 1.22795 1.17689
0.964465 1.15752 1.09716
1.00375 1.0383 1.06248
0.9813 0.990334 1.05697
1.01497 0.992551 1.00702
0.964465 0.991748 1.01081
1.00375 0.999135 1.02286
0.992524 1.0345 1.05182
1.07109 1.01733 1.07962
0.998136 0.998592 1.04931
0.779279 0.90386 0.853027
0.521141 0.812937 0.675084
0.683881 0.714312 0.696881
0.751221 0.808176 0.712731
0.5492 0.769177 0.639166
0.627764 0.881965 0.657228
0.65021 0.88102 0.637274
0.425743 0.720037 0.561031
0.442578 0.766659 0.539181
0.509918 0.555222 0.503302
0.414519 0.487813 0.486334
0.537976 0.535564 0.58608
0.734386 0.615174 0.705184
0.543588 0.69106 0.613814
0.51553 0.647527 0.581146
0.756833 0.644101 0.672509
0.756833 0.632434 0.691079
0.739998 0.614018 0.668983
0.711939 0.654425 0.59997
0.560423 0.678771 0.570238
0.689492 0.663107 0.618157
0.773668 0.714843 0.686114
0.739998 0.712478 0.733633
0.728774 0.69986 0.748964
0.678269 0.678696 0.737268
0.728774 0.665594 0.779672
0.970077 0.674144 0.862878
1.19454 0.716232 0.874175
0.605317 0.437544 0.631476
0.307897 0.294547 0.374148
0.18444 0.228011 0.227798
0.279838 0.238246 0.287705
0.425743 0.43446 0.444127
0.431354 0.563282 0.504942
0.509918 0.53303 0.501412
0.5492 0.448228 0.523822
0.610929 0.461212 0.598997
0.498695 0.499456 0.577432
0.375237 0.451975 0.45134
0.408907 0.455606 0.367767
0.414519 0.401365 0.346956
0.223721 0.360139 0.282906
0.128323 0.228864 0.200727
0.173216 0.127609 0.112338
0.010477 0.0849706 0.0471946
0.105876 -0.0399689 0.010388
0.0778174 -0.0213347 0.0549851
0.161993 0.149297 0.122341
0.145158 0.119962 0.151815
0.145158 0.177464 0.159219
0.178828 0.219688 0.173097
0.066594 0.107005 0.20095
0.201275 0.0792977 0.183621
0.21811 0.0403836 0.144954
0.0217004 0.0292612 0.0879643
0.0273121 0.00995592 0.0945612
0.0441472 0.0259825 0.165007
-0.0175814 0.0101731 0.210592
0.122711 -0.0107393 0.223204
0.341567 -0.00123408 0.12214
0.161993 -0.132502 0.000667887
-0.0680867 -0.242228 -0.106689
-0.320613 -0.308829 -0.163714
-0.247661 -0.309634 -0.105408
-0.0231931 -0.190836 -0.0192186
-0.208379 -0.136345 -0.062374
-0.601198 -0.155263 -0.301847
-0.825666 -0.265762 -0.493682
-0.808831 -0.471107 -0.692721
-1.05575 -0.831188 -0.881984
-1.11747 -1.00321 -1.06199
-1.05575 -1.07336 -1.10541
-0.954735 -1.07573 -0.984649
-0.965958 -0.994445 -0.775403
-0.881783 -0.72835 -0.658853
-1.07258 -0.695819 -0.741987
-1.06697 -0.908227 -0.820609
-1.05575 -0.857276 -0.83254
-1.13992 -0.838606 -0.861924
-1.04452 -0.874407 -1.01272
-1.07819 -1.15421 -1.15673
-0.859336 -1.14171 -0.99301
-0.60681 -0.933542 -0.821224
-0.662927 -0.962168 -0.843622
-0.904229 -1.05055 -0.874409
-0.797607 -1.0506 -0.81895
-0.870559 -1.00954 -0.720942
-0.831277 -0.961739 -0.704399
-0.70782 -1.03626 -0.773092
-1.05575 -1.08822 -0.855615
-1.08942 -1.02978 -0.961062
-1.18481 -1.24808 -1.01056
-0.915453 -1.2961 -0.930432
-0.831277 -1.2604 -0.867688
-0.719043 -1.25294 -0.942804
-1.1287 -1.29963 -1.20491
-1.44856 -1.43912 -1.40024
-1.34755 -1.55497 -1.48547
-1.30266 -1.67245 -1.53417
-1.31949 -1.65148 -1.32398
-0.455294 -1.31565 -0.957704
-0.735879 -1.27419 -0.878058
-0.915453 -1.2955 -0.908705
-0.960346 -1.24063 -0.889851
-0.730267 -1.10917 -0.908809
-0.870559 -1.2608 -0.958044
-0.909841 -1.18265 -0.946518
-1.01085 -1.22808 -0.977291
-1.1792 -1.11516 -1.02027
-1.10064 -1.09828 -1.07236
-0.853724 -1.09576 -1.08013
-0.893006 -1.31499 -1.13131
-0.898618 -1.431 -1.12817
-0.803219 -1.38105 -1.09785
-1.06136 -1.3665 -1.1642
-1.2746 -1.42563 -1.29263
-1.16798 -1.44609 -1.44497
-1.38684 -1.6425 -1.58175
-1.35317 -1.79458 -1.66781
-1.5608 -1.85136 -1.72357
-1.58324 -1.79788 -1.59772
-1.19043 -1.55141 -1.4382
-1.48785 -1.56407 -1.43154
-1.39806 -1.4228 -1.46565
-1.6562 -1.36993 -1.58607
-1.78527 -1.49735 -1.63301
-1.80771 -1.46218 -1.57989
-1.79649 -1.43141 -1.57503
-1.8021 -1.35352 -1.59658
-1.75721 -1.52324 -1.559
-1.59447 -1.56587 -1.41687
-1.41489 -1.2797 -1.16386
-0.9379 -1.14521 -0.992908
-1.12309 -1.29507 -0.998069
-1.02769 -1.24748 -1.15303
-1.01646 -1.29893 -1.23084
-1.14553 -1.47003 -1.34623
-1.29144 -1.60471 -1.48757
-1.34194 -1.66212 -1.51751
-0.954735 -1.61649 -1.26287
-0.539469 -1.35956 -0.942979
-0.702208 -1.2978 -0.817867
-0.814442 -1.15593 -0.854774
-0.831277 -1.17158 -0.985161
-0.870559 -1.28468 -1.17992
-1.15114 -1.54492 -1.36335
-1.43734 -1.68419 -1.48994
-1.45979 -1.67651 -1.51326
-1.49907 -1.64714 -1.50442
-1.53274 -1.63371 -1.55153
-1.60008 -1.67927 -1.63159
-1.58324 -1.70865 -1.68343
-1.58324 -1.72667 -1.66986
-1.31949 -1.7192 -1.49751
-0.893006 -1.63057 -1.29825
-0.702208 -1.56026 -1.17064
-0.932288 -1.52405 -1.1441
-0.820054 -1.50884 -1.0094
-0.545081 -1.42769 -0.90847
-0.646091 -1.43465 -0.928612
-0.965958 -1.3976 -0.98015
-0.870559 -1.36899 -1.06405
-1.16237 -1.36641 -1.15005
-1.21848 -1.34961 -1.14838
-1.29144 -1.36974 -1.21982
-1.29705 -1.3682 -1.31188
-1.10064 -1.40273 -1.34128
-1.33633 -1.43166 -1.34331
-1.33633 -1.38554 -1.38896
-1.41489 -1.40881 -1.421
-1.29705 -1.37737 -1.35561
-1.1287 -1.33126 -1.30791
-1.10625 -1.35734 -1.18819
-0.573139 -1.27664 -0.810659
-0.219603 -1.16499 -0.514114
-0.197156 -1.07108 -0.531207
-0.483352 -1.02665 -0.680104
-0.421624 -1.06789 -0.685905
-0.0736984 -0.913455 -0.602313
-0.690985 -0.849739 -0.803632
-0.831277 -0.917758 -0.983453
-0.915453 -0.910658 -0.968387
-0.752714 -0.811639 -0.809005
-0.623645 -0.78491 -0.723694
-0.528246 -0.832354 -0.649324
-0.219603 -0.806839 -0.557058
-0.331836 -0.610436 -0.494247
-0.556304 -0.654488 -0.621856
-0.567528 -0.824368 -0.66087
-0.567528 -0.745663 -0.688041
-0.483352 -0.790765 -0.724417
-0.623645 -0.788614 -0.65557
-0.517022 -0.725304 -0.548182
-0.270108 -0.644345 -0.41681
-0.281331 -0.507022 -0.404172
-0.359895 -0.49629 -0.456252
-0.315001 -0.314586 -0.462152
-0.281331 -0.281765 -0.43525
-0.44407 -0.483353 -0.493834
-0.326225 -0.482607 -0.449842
-0.14665 -0.343476 -0.263417
0.0609823 -0.173237 -0.0843367
-0.0119697 -0.15809 -0.0345265
-0.0905335 -0.118516 -0.0560153
-0.0736984 -0.140784 -0.112191
-0.118592 -0.206145 -0.148102
0.122711 -0.171579 -0.0728939
0.173216 -0.0462538 -0.0168566
0.100264 -0.0897546 0.0360443
0.173216 -0.0143608 0.113514
0.111488 0.0514981 0.0887181
0.066594 0.0389429 0.0699443
0.240557 0.0383473 0.12117
0.212498 0.0648422 0.135916
0.178828 0.0411298 0.20408
0.234945 0.209445 0.33505
0.358402 0.287739 0.33382
0.229333 0.205225 0.245705
0.380849 0.0404766 0.209763
0.291062 0.00663032 0.232329
0.31912 0.0764956 0.234234
0.234945 -0.0388989 0.108204
-0.0680867 -0.124802 -0.0734323
-0.0288048 -0.121208 -0.0623551
0.010477 -0.0651195 0.0556256
0.28545 0.187179 0.188743
0.206886 0.237983 0.182859
0.150769 0.265188 0.171831
0.229333 0.238756 0.270563
0.470636 0.311045 0.418353
0.498695 0.3974 0.541624
0.638987 0.498827 0.659947
0.768056 0.619974 0.750155
0.768056 0.634554 0.792029
1.04303 0.602329 0.757822
0.711939 0.399022 0.595368
0.5492 0.387162 0.501561
0.408907 0.363357 0.477006
0.386461 0.345001 0.405214
0.459413 0.43417 0.43725
0.571647 0.561737 0.618586
0.745609 0.688579 0.764916
0.560423 0.741731 0.716796
0.622152 0.696151 0.682634
0.739998 0.682511 0.726642
0.953242 0.719207 0.789815
0.728774 0.742569 0.756489
0.307897 0.675211 0.504126
0.380849 0.454737 0.346785
0.291062 0.390885 0.254644
0.156381 0.359206 0.22774
0.341567 0.449551 0.366085
0.476248 0.667654 0.55696
0.84662 0.870137 0.806643
0.841008 0.970224 0.926753
0.661434 0.759678 0.779842
0.594093 0.713732 0.640751
0.683881 0.775957 0.644395
0.768056 0.798035 0.729127
0.88029 0.843944 0.835619
0.908348 0.975793 0.890609
0.986912 0.929849 0.849139
0.667045 0.69408 0.691923
0.65021 0.70979 0.593219
0.734386 0.633486 0.629366
0.84662 0.738845 0.748705
0.91396 0.837612 0.832068
0.885902 0.837013 0.875164
1.10476 0.854904 0.937687
1.14404 0.935928 1.01444
1.27872 1.01528 1.11046
1.22822 1.05709 1.13935
0.818561 0.966286 0.946877
0.790503 0.916701 0.836026
0.992524 0.965655 0.960121
1.04303 1.05918 1.12485
1.37412 1.15437 1.19155
0.992524 1.0445 1.04924
0.874678 1.00603 0.930236
0.902737 0.974306 0.951694
0.869067 1.03477 0.970109
0.745609 1.05412 0.817207
0.723162 0.991148 0.617217
0.818561 0.831722 0.614122
0.762444 0.924014 0.77686
0.796115 1.03782 0.902631
0.869067 1.00902 0.927272
0.942019 1.09103 0.9801
0.897125 0.983444 0.91685
0.930795 0.920608 0.913755
1.05986 0.919177 0.951436
1.09353 0.900258 0.990827
1.06548 0.950401 0.980849
1.12159 1.02088 1.05397
1.26189 1.11753 1.20678
1.35728 1.22703 1.35459
1.4134 1.25259 1.40432
1.318 1.25702 1.39324
1.43585 1.23909 1.41605
1.58736 1.25659 1.45616
1.55931 1.34825 1.45812
1.52002 1.37116 1.47246
1.39657 1.30195 1.4701
1.39095 1.29426 1.37313
1.28994 1.22969 1.26373
1.35167 1.19918 1.20869
1.27872 1.20618 1.21128
1.23383 1.18947 1.20321
1.1721 1.19274 1.12947
1.29556 1.17044 1.10669
1.34045 1.21589 1.22813
1.43585 1.32963 1.35323
1.48074 1.31016 1.42956
1.42462 1.32034 1.42158
1.41901 1.28841 1.34647
1.40779 1.27646 1.33577
1.35728 1.26583 1.3516
1.45829 1.28029 1.3808
1.46952 1.32932 1.40858
1.45829 1.36901 1.42737
1.50319 1.38582 1.42791
1.41901 1.31075 1.40783
1.2675 1.31341 1.35796
1.42462 1.33706 1.38154
1.53125 1.39159 1.50011
1.64909 1.39883 1.61478
1.24505 1.48885 1.53534
1.2226 1.3463 1.32882
1.10476 1.29459 1.19145
1.16087 1.33306 1.14511
1.20016 1.29473 1.22542
1.30117 1.32629 1.31041
1.32923 1.28311 1.33761
1.13282 1.25969 1.30884
1.30117 1.26605 1.30628
1.318 1.21371 1.28549
1.25066 1.14915 1.26528
1.0767 1.17106 1.22785
1.1272 1.21709 1.23428
1.20016 1.26515 1.21584
1.15526 1.2079 1.16295
1.09915 1.21185 1.11118
1.09353 1.16907 1.08572
1.11037 1.19498 1.10518
1.14965 1.25629 1.2059
1.34045 1.29228 1.23976
0.953242 1.29694 1.17196
0.970077 1.26655 1.09863
1.30117 1.28276 1.13701
1.49758 1.30267 1.26449
1.4134 1.30998 1.31323
1.33484 1.22216 1.24664
1.20016 1.05257 1.10541
1.09915 1.02723 1.03226
1.03181 0.96889 1.02269
0.992524 0.960464 0.998089
0.953242 0.98341 1.01286
0.986912 1.01094 1.01862
0.992524 0.976295 1.02649
1.02619 0.912926 1.01805
0.953242 0.946481 0.996296
0.936407 0.914624 0.945652
0.9813 0.886312 0.9049
0.958854 0.863371 0.890537
0.9813 0.872924 0.911871
0.992524 0.911303 0.936363
0.958854 0.901222 0.938117
0.9813 0.872141 0.957131
0.9813 0.885368 1.01929
1.12159 0.932013 1.0789
1.25066 0.966937 1.10776
1.02619 0.856533 1.0221
1.03181 0.742541 0.932984
0.925184 0.695387 0.884226
0.953242 0.712617 0.789196
0.711939 0.654424 0.713319
0.661434 0.660327 0.658475
0.644599 0.715576 0.706595
0.745609 0.776366 0.743353
0.459413 0.703058 0.630039
0.51553 0.591602 0.5649
0.605317 0.632519 0.58216
0.459413 0.685431 0.577453
0.61654 0.581642 0.56159
0.465024 0.436729 0.490856
0.5492 0.414302 0.410663
0.459413 0.400251 0.425868
0.347179 0.435623 0.448962
0.375237 0.4729 0.433552
0.465024 0.440663 0.436023
0.594093 0.443882 0.477928
0.420131 0.511065 0.41428
0.588482 0.391514 0.40007
0.358402 0.306574 0.350881
0.347179 0.229806 0.3341
0.240557 0.27608 0.367857
0.661434 0.40744 0.554759
0.992524 0.588665 0.696282
0.5492 0.64604 0.577728
0.117099 0.51331 0.324915
0.0834291 0.235591 0.160439
-0.0400282 0.0371372 0.0376366
0.0385355 -0.0674821 -0.0278975
0.0497589 -0.0613352 0.0321327
0.190051 0.028749 0.155884
0.066594 0.0410287 0.0722844
-0.242049 -0.145665 -0.140996
-0.337448 -0.122852 -0.185601
-0.208379 0.0490714 -0.0953419
-0.141039 -0.0418387 -0.119976
-0.0288048 -0.079849 -0.121216
-0.169097 -0.109 -0.0961507
-0.0568633 -0.10212 0.00121566
0.178828 -0.0604701 0.0213606
-0.0849218 -0.0385006 -0.0355611
-0.0905335 -0.0420851 -0.038132
-0.0512516 0.0383789 0.0142781
0.00486534 0.0490739 0.0700458
-0.0456399 0.0622725 0.139308
-0.0512516 0.02016 0.0468164
-0.000746356 0.0716888 -0.0747509
-0.101757 -0.00221184 -0.113586
-0.0568633 -0.0603587 -0.076979
0.0217004 -0.0854683 -0.0159214
-0.00635805 -0.0389565 0.066401
0.122711 0.0102595 0.169615
0.240557 0.0555836 0.208339
0.139546 0.0684084 0.10171
-0.124204 -0.0983552 0.0174275
0.206886 -0.153387 0.0288453
-0.213991 -0.124308 -0.0637262
0.0385355 -0.169636 -0.0614411
0.0553706 -0.0707867 -0.0177011
0.195663 -0.143793 -0.120015
-0.292555 -0.46084 -0.454861
-0.769549 -0.743503 -0.787614
-0.904229 -0.809818 -0.93416
-0.758325 -0.669944 -0.81246
-0.533857 -0.659603 -0.642599
-0.528246 -0.701336 -0.592267
-0.449682 -0.718191 -0.540242
-0.505799 -0.73869 -0.618621
-0.848112 -0.775961 -0.836746
-0.881783 -0.843372 -0.981694
-1.04452 -0.928134 -1.03713
-0.988405 -0.867286 -0.978496
-0.786384 -0.76239 -0.837103
-0.982793 -0.799732 -0.834645
-1.06697 -0.733043 -0.847172
-0.988405 -0.715239 -0.814528
-0.853724 -0.469454 -0.722668
-0.893006 -0.562317 -0.622458
-0.702208 -0.620547 -0.641661
-1.00524 -0.860593 -0.918457
-1.35317 -1.28484 -1.19928
-1.38684 -1.20038 -1.07747
-0.97157 -0.832448 -0.798019
-1.11747 -0.662124 -0.827891
-1.35878 -0.772437 -1.08333
-1.35878 -1.00591 -1.28617
-1.37 -1.11252 -1.31549
-1.2746 -0.987803 -1.28169
-1.20726 -0.74055 -1.13904
-1.20726 -0.623972 -1.08265
-1.30266 -0.888125 -1.10918
-1.09503 -0.877481 -0.974323
-0.932288 -0.771226 -0.938161
-1.10625 -1.02298 -1.08642
-1.60569 -1.14159 -1.30909
-1.85261 -1.33429 -1.48451
-1.88628 -1.37667 -1.6134
-1.68426 -1.44336 -1.54084
-1.53835 -1.31128 -1.41352
-1.47662 -1.12684 -1.28922
-1.26899 -1.07541 -1.07673
-0.881783 -0.952204 -0.91164
-1.20165 -0.986156 -1.00331
-1.03891 -1.19099 -1.20592
-1.40367 -1.39165 -1.37238
-1.41489 -1.54038 -1.454
-1.61691 -1.47403 -1.45099
-1.77404 -1.32251 -1.4803
-2.00973 -1.35065 -1.60771
-1.78527 -1.68176 -1.8172
-2.19492 -1.75246 -1.91451
-1.8975 -1.70828 -1.82055
-1.30827 -1.77278 -1.63769
-1.29705 -1.84648 -1.55744
-1.00524 -1.81897 -1.444
-0.915453 -1.74788 -1.32169
-0.954735 -1.58157 -1.24843
-1.04452 -1.62596 -1.29887
-0.859336 -1.71061 -1.30839
-0.926676 -1.71318 -1.28189
-0.876171 -1.70796 -1.27718
-0.898618 -1.54463 -1.24492
-1.10625 -1.49616 -1.23999
-1.23532 -1.47332 -1.27936
-1.40367 -1.40502 -1.40162
-1.24654 -1.59724 -1.47196
-1.37 -1.74665 -1.56783
-1.71231 -1.74934 -1.69061
-1.43173 -1.76003 -1.66526
-1.51029 -1.6918 -1.62985
-1.948 -1.50401 -1.70242
-1.95362 -1.51771 -1.74886
-2.01535 -1.58645 -1.79865
-1.98168 -1.65055 -1.85586
-1.94239 -1.71972 -1.90489
-2.04902 -1.76579 -1.95363
-1.9929 -1.81886 -1.90775
-2.02657 -1.69608 -1.85624
-1.83016 -1.6291 -1.80482
-1.93117 -1.57899 -1.80723
-1.91433 -1.78294 -1.7953
-1.74598 -1.80087 -1.77104
-1.35317 -1.88019 -1.70724
-1.45979 -1.96728 -1.66519
-1.74037 -1.92148 -1.71435
-1.88628 -1.81068 -1.81321
-1.86944 -1.7547 -1.79764
-1.8021 -1.7453 -1.70497
-1.70109 -1.75837 -1.65605
-1.52152 -1.75595 -1.64114
-1.83577 -1.68136 -1.6397
-1.71793 -1.55149 -1.57366
-1.5608 -1.46649 -1.43046
-1.53274 -1.22138 -1.21206
-1.24093 -0.961864 -1.17542
-1.38684 -0.8215 -1.2056
-1.18481 -0.911575 -1.23452
-1.71231 -1.28126 -1.41337
-1.54957 -1.68995 -1.65966
-1.58886 -1.79004 -1.79307
-1.74598 -1.70307 -1.74638
-1.85261 -1.62359 -1.70698
-1.64497 -1.59404 -1.69555
-1.33633 -1.63835 -1.65439
-1.60008 -1.72294 -1.65549
-1.76282 -1.78609 -1.78954
-1.81332 -1.77349 -1.82828
-1.6562 -1.77388 -1.7575
-1.69548 -1.73479 -1.72946
-1.53274 -1.63058 -1.57603
-1.19043 -1.4668 -1.44891
-1.4654 -1.44535 -1.43303
-1.47101 -1.42595 -1.45108
-1.48785 -1.35888 -1.40804
-1.42612 -1.27326 -1.33662
-1.37561 -1.20854 -1.27058
-1.25215 -1.07873 -1.22395
-1.15676 -1.02064 -1.04534
-0.763937 -0.828783 -0.846358
-0.864948 -0.767381 -0.787122
-0.893006 -0.732196 -0.888802
-0.769549 -0.959971 -1.00307
-0.932288 -1.05369 -1.13862
-1.04452 -1.13004 -1.1973
-1.1792 -1.00733 -1.17697
-0.926676 -0.877805 -1.0337
-0.808831 -0.703849 -0.963946
-0.763937 -0.775804 -0.901236
-0.651703 -0.72293 -0.832552
-0.735879 -0.632286 -0.718463
-0.629256 -0.510383 -0.526082
-0.348672 -0.180874 -0.35797
-0.488964 -0.149334 -0.380381
-0.258884 -0.373544 -0.441246
-0.286943 -0.420998 -0.466495
-0.4104 -0.376651 -0.425386
-0.44407 -0.162297 -0.253922
0.0553706 0.0842123 0.00937337
0.133934 0.161756 0.0996513
-0.185932 -0.120229 -0.110694
-0.416012 -0.423341 -0.354326
-0.477741 -0.409686 -0.397547
-0.30939 -0.283106 -0.274039
-0.0680867 -0.210742 -0.157473
-0.0793101 -0.181506 -0.172951
-0.253273 -0.256317 -0.260018
-0.208379 -0.242336 -0.315242
-0.141039 -0.313989 -0.267544
0.0273121 -0.326903 -0.160121
0.0385355 -0.230051 -0.114847
0.00486534 -0.122187 -0.048416
0.161993 0.0197571 0.0589198
-0.0175814 0.0890706 0.0890878
0.167605 0.181374 0.18315
0.31912 0.346431 0.317879
0.335955 0.530098 0.314651
0.0834291 0.253288 0.124561
-0.0568633 0.151041 0.0321518
0.161993 0.200191 0.0447898
0.0890408 0.134624 0.073892
0.257392 0.224389 0.180907
0.408907 0.304537 0.25989
0.352791 0.299766 0.340567
0.442578 0.461115 0.427503
0.414519 0.394135 0.370521
0.240557 0.337486 0.233954
-0.0680867 0.294564 -0.0259287
-0.062475 0.0192489 -0.107493
0.117099 0.124614 0.0675938
0.476248 0.320921 0.269587
0.397684 0.402347 0.254582
-0.0961452 0.168464 0.078964
-0.0288048 0.231111 0.0341551
0.105876 0.299122 0.20747
0.206886 0.58154 0.420202
0.375237 0.723713 0.607697
0.835396 0.899887 0.855891
1.06548 0.747392 0.845813
0.554812 0.629724 0.546701
0.201275 0.452799 0.301319
0.229333 0.401811 0.247908
0.307897 0.525967 0.296634
0.386461 0.487896 0.355653
0.442578 0.47565 0.372518
0.470636 0.505238 0.411775
0.48186 0.469712 0.461807
0.594093 0.492736 0.528223
0.627764 0.491893 0.595363
0.835396 0.624738 0.658233
0.627764 0.629812 0.55043
0.442578 0.55398 0.400727
0.453801 0.525825 0.327248
0.465024 0.523757 0.371557
0.605317 0.512694 0.499882
0.723162 0.65017 0.585591
0.700716 0.68144 0.646
0.885902 0.774261 0.741149
0.807338 0.700052 0.736168
0.717551 0.629738 0.624694
0.700716 0.606122 0.574955
0.633375 0.662725 0.566915
0.588482 0.733601 0.562579
0.672657 0.818406 0.593324
0.728774 0.805262 0.651059
0.683881 0.794558 0.708264
0.84662 0.870279 0.806359
0.94763 0.879497 0.887881
0.908348 0.809056 0.884986
0.9813 0.788123 0.885787
1.02619 0.86461 0.979323
0.975689 0.884469 1.06773
1.08792 0.901407 1.15607
1.25627 0.926318 1.2324
1.14404 0.991501 1.18765
1.02058 0.845146 1.07217
0.885902 0.916682 1.00891
0.908348 0.897151 0.982113
1.04864 0.891223 1.04384
1.2226 0.999603 1.13278
0.930795 0.975713 1.03274
0.779279 0.977308 0.858219
0.857843 1.03001 0.839368
1.00936 0.999066 0.953188
1.1721 1.10881 1.09833
1.43585 1.23516 1.30237
1.59859 1.33093 1.47407
1.48635 1.38287 1.47067
1.06548 1.25563 1.18419
0.9813 1.08277 1.04215
0.986912 1.09454 1.01421
0.700716 1.00433 0.867635
0.81295 0.923363 0.816365
0.857843 0.968512 0.832899
0.891513 1.00569 0.877823
0.930795 0.983225 0.874866
0.897125 0.956405 0.891119
0.953242 0.981676 0.92781
0.863455 1.04764 0.992314
0.986912 1.1721 1.08658
1.21138 1.24957 1.21659
1.28433 1.29333 1.28895
1.40779 1.28405 1.36616
1.39657 1.30602 1.37656
1.318 1.36398 1.35009
1.16649 1.3668 1.35624
1.30117 1.34995 1.37391
1.4134 1.25459 1.35881
1.28994 1.19572 1.27135
1.26189 1.17322 1.18583
1.27311 1.23416 1.17989
1.21138 1.248 1.21703
1.15526 1.21825 1.18437
1.18332 1.22796 1.20819
1.23383 1.23764 1.25752
1.34606 1.30272 1.35108
1.44146 1.37344 1.42572
1.30117 1.2932 1.40797
1.16649 1.3468 1.36301
1.25066 1.32814 1.27692
1.21138 1.20704 1.19393
1.16087 1.09285 1.17474
1.28994 1.1709 1.23253
1.29556 1.24415 1.26582
1.18332 1.29411 1.24686
1.14965 1.23103 1.21669
1.17771 1.13607 1.20887
1.14404 1.15642 1.19372
1.2675 1.22864 1.2179
1.14965 1.2015 1.16571
1.12159 1.14589 1.12979
1.08231 1.18072 1.11805
1.14404 1.20837 1.1641
1.22822 1.21861 1.21391
1.16649 1.18615 1.17864
1.01497 1.1565 1.13226
1.16649 1.18022 1.13956
1.18332 1.20711 1.17554
1.26189 1.11194 1.18754
1.25627 1.04661 1.15272
1.08231 1.10659 1.11843
1.09915 1.12669 1.09755
1.05986 1.10505 1.10454
1.02619 1.07581 1.06422
1.01497 1.05385 1.05442
1.02058 1.09753 1.06992
1.10476 1.07061 1.11553
1.13282 1.07485 1.12045
1.05986 1.0631 1.09548
1.08231 0.963638 1.0447
1.03742 0.932445 1.00256
1.04864 0.929613 0.980945
1.02619 0.898251 0.939386
0.9813 0.83971 0.892324
1.01497 0.861171 0.903613
0.94763 0.92135 0.925118
0.869067 0.94526 0.92193
0.942019 0.976858 0.929396
0.970077 0.922326 0.959454
0.975689 0.970438 1.03878
1.04303 1.01708 1.04838
1.08231 0.916008 1.00616
1.02058 0.905165 0.989705
0.9813 0.948214 0.927193
0.532365 0.851892 0.723853
0.571647 0.687593 0.662564
0.622152 0.830002 0.73906
0.779279 0.929755 0.866957
0.829785 0.923218 0.912819
0.998136 0.949723 1.05571
1.09353 1.06963 1.15265
0.930795 1.0906 1.15707
0.689492 1.0569 1.08092
0.65021 0.764899 0.787201
0.58287 0.579534 0.699543
0.695104 0.571233 0.70554
0.644599 0.59283 0.598697
0.476248 0.52263 0.532388
0.498695 0.577791 0.451455
0.302285 0.421459 0.2859
0.190051 0.382556 0.131573
0.223721 0.341814 0.130002
0.161993 0.232903 0.176242
0.25178 0.139222 0.200396
0.414519 0.155603 0.279814
0.212498 0.217854 0.278791
0.257392 0.234472 0.286646
0.436966 0.147668 0.279966
0.279838 0.129968 0.217715
0.212498 0.106745 0.160017
0.18444 0.0985597 0.111088
0.263003 0.0993541 0.114937
0.246168 0.0998118 0.0798171
0.167605 0.0863783 0.0276631
0.0778174 0.0859125 0.0105624
0.010477 0.0922906 0.00833369
0.0946525 0.0336221 -0.00631999
-0.0288048 -0.0220144 -0.0476004
-0.157874 -0.0330554 0.000239872
0.139546 0.0667845 0.15215
0.335955 0.278355 0.244547
0.279838 0.270396 0.24721
0.296674 0.324638 0.326051
0.442578 0.346602 0.36577
0.229333 0.187467 0.272741
0.173216 0.174099 0.207509
0.173216 0.190352 0.186
0.156381 0.184709 0.185177
0.167605 0.137737 0.209734
0.161993 0.125562 0.166722
0.0553706 -0.0371458 0.12574
0.425743 0.0354848 0.23343
0.190051 0.098898 0.223359
-0.000746356 0.0657378 0.122411
-0.000746356 0.0290569 0.0748476
0.122711 0.082789 0.0608695
0.066594 -0.0282819 0.0890674
0.0834291 0.0394459 0.115184
0.0273121 0.0473767 -0.00178007
-0.174709 -0.205823 -0.238432
-0.601198 -0.441689 -0.566115
-0.758325 -0.585549 -0.792396
-0.646091 -0.593591 -0.71017
-0.382342 -0.48425 -0.460658
-0.320613 -0.264681 -0.287249
-0.354283 -0.228757 -0.199637
-0.169097 -0.200151 -0.083955
-0.202767 -0.163617 -0.119355
-0.466517 -0.199784 -0.265332
-0.348672 -0.460718 -0.40325
-0.494576 -0.489738 -0.539943
-0.618033 -0.618926 -0.565052
-0.589974 -0.498857 -0.622319
-0.932288 -0.677465 -0.801916
-0.926676 -0.880504 -0.963676
-0.988405 -1.03119 -0.990305
-1.05013 -1.0449 -1.04228
-1.35317 -0.974164 -1.08154
-1.43734 -0.838533 -1.09176
-1.30827 -0.892352 -1.09656
-1.33633 -1.00708 -1.07925
-1.29144 -1.00775 -1.13664
-1.29705 -1.04155 -1.20391
-1.35317 -1.18253 -1.24969
-1.45418 -1.14344 -1.34427
-1.66181 -1.30073 -1.43385
-1.63936 -1.39587 -1.36729
-1.38684 -1.20225 -1.14467
-1.07258 -0.892386 -0.89835
-1.12309 -0.920183 -1.0353
-1.45979 -1.16256 -1.22319
-1.52713 -1.30042 -1.38154
-1.31949 -1.24879 -1.33071
-1.48223 -1.14362 -1.31334
-1.51029 -1.09658 -1.32547
-1.42051 -1.16635 -1.3463
-1.28021 -1.45087 -1.48501
-1.84699 -1.55208 -1.60127
-1.83577 -1.58247 -1.59462
-1.65059 -1.49185 -1.61325
-1.84138 -1.52528 -1.64228
-1.85822 -1.59443 -1.73905
-1.93117 -1.6426 -1.78977
-1.81332 -1.65512 -1.64914
-1.34194 -1.47439 -1.32222
-0.864948 -1.31769 -1.06087
-0.859336 -1.28091 -1.08152
-1.26899 -1.36525 -1.18541
-1.39245 -1.35018 -1.22987
-1.43173 -1.23658 -1.27577
-1.40367 -1.17978 -1.27812
-1.04452 -1.25584 -1.29008
-1.21848 -1.42946 -1.40895
-1.77404 -1.49064 -1.5832
-1.87505 -1.53292 -1.67812
-1.62253 -1.65576 -1.6872
-1.86944 -1.7051 -1.78544
-2.06024 -1.70169 -1.89763
-1.96484 -1.83817 -1.89602
-1.9929 -1.653 -1.92353
-1.90311 -1.63242 -1.91802
-2.04902 -1.79193 -1.96553
-2.11636 -1.90524 -2.03349
-1.88628 -1.97495 -1.88096
-1.03891 -1.74842 -1.47525
-0.893006 -1.38707 -1.23962
-1.35317 -1.47299 -1.39795
-1.84138 -1.6738 -1.64325
-1.86383 -1.78898 -1.73517
-1.93117 -1.71818 -1.76436
-1.98729 -1.69427 -1.82764
-1.97045 -1.69016 -1.87097
-1.91995 -1.81199 -1.86711
-1.81894 -1.84444 -1.8093
-1.39806 -1.84135 -1.7177
-1.2746 -1.74157 -1.56747
-1.01085 -1.60152 -1.32059
-1.21287 -1.54472 -1.29615
-1.31949 -1.56003 -1.40418
-1.52152 -1.51614 -1.49544
-1.54957 -1.56781 -1.51855
-1.66742 -1.61742 -1.4658
-1.63936 -1.60317 -1.4695
-1.50468 -1.57474 -1.44546
-1.56641 -1.59452 -1.43673
-1.60008 -1.56679 -1.48402
-1.61691 -1.50326 -1.48995
-1.2241 -1.38657 -1.46046
-1.35317 -1.32784 -1.3481
-1.28582 -1.31993 -1.31071
-1.32511 -1.42077 -1.34626
-1.6562 -1.52921 -1.46443
-1.64497 -1.4506 -1.47597
-1.08942 -1.40688 -1.30103
-0.719043 -1.44798 -1.17858
-0.932288 -1.41691 -1.11947
-1.24654 -1.26244 -1.0851
-1.26338 -1.15136 -1.03434
-1.25777 -1.1105 -1.1321
-1.1792 -1.33373 -1.21762
-1.10064 -1.3713 -1.24146
-1.29705 -1.27813 -1.18116
-1.19604 -1.04878 -1.01797
-0.9379 -0.789749 -0.809444
-0.724655 -0.861243 -0.918006
-1.05013 -1.07972 -1.0901
-1.13431 -0.999483 -1.12712
-1.19604 -0.834827 -1.07432
-0.999628 -0.78664 -0.962672
-1.25777 -0.853256 -1.0493
-1.05013 -1.07022 -1.20708
-1.4654 -1.20465 -1.44593
-1.56641 -1.35001 -1.52406
-1.5159 -1.40433 -1.52943
-1.62253 -1.38656 -1.53342
-1.5159 -1.34846 -1.45924
-1.39806 -1.28805 -1.36958
-1.47101 -1.17277 -1.41411
-1.51029 -1.29322 -1.48982
-1.41489 -1.29704 -1.54827
-1.40367 -1.30516 -1.51745
-1.40928 -1.35051 -1.3944
-0.932288 -1.29248 -1.209
-0.791996 -1.18957 -1.00858
-0.561916 -1.03118 -0.831722
-0.494576 -0.96428 -0.770069
-0.449682 -0.993818 -0.742805
-0.494576 -0.946903 -0.743366
-0.629256 -0.947294 -0.815859
-0.820054 -0.961888 -0.953418
-0.982793 -1.08986 -1.11768
-1.03891 -1.12631 -1.19371
-0.999628 -1.04444 -1.06596
-0.982793 -0.909207 -0.985024
-0.999628 -0.839316 -1.07264
-1.02208 -1.0389 -1.15093
-1.2241 -1.05028 -1.16744
-1.07819 -1.00531 -1.11664
-0.881783 -0.918016 -0.980347
-0.662927 -0.816156 -0.823678
-0.702208 -0.752065 -0.736352
-0.612421 -0.651536 -0.696933
-0.623645 -0.582534 -0.696835
-0.724655 -0.589821 -0.559616
-0.202767 -0.309641 -0.290046
0.066594 -0.037664 -0.0496859
0.0890408 0.0584267 -0.0114995
0.0329238 -0.0564931 -0.091577
-0.118592 -0.260144 -0.220359
-0.264496 -0.245518 -0.313973
-0.315001 -0.170441 -0.29153
-0.208379 -0.112016 -0.227521
-0.202767 -0.0577036 -0.148606
0.173216 -0.00723262 0.00610662
0.380849 0.113784 0.214166
0.28545 0.156222 0.170359
0.0778174 -0.0443199 -0.00757534
-0.0456399 -0.101241 -0.0689769
-0.0512516 -0.0634281 -0.082465
