0.773668 0.710606 0.777688
0.841008 0.759872 0.749599
0.784891 0.825913 0.744421
0.897125 0.84712 0.723585
0.869067 0.850328 0.803666
0.784891 0.796076 0.78563
0.599705 0.732155 0.705387
0.667045 0.807292 0.725987
0.711939 0.904172 0.758129
0.711939 1.00363 0.814711
0.885902 1.0256 0.874806
0.88029 0.991266 0.818155
0.420131 0.814086 0.674065
0.420131 0.80953 0.564705
0.487471 0.623913 0.604905
0.560423 0.548961 0.604428
0.453801 0.452338 0.468677
0.358402 0.452342 0.400857
0.28545 0.475254 0.400726
0.358402 0.367326 0.439611
0.504306 0.430616 0.527931
0.509918 0.565279 0.583101
0.31912 0.499338 0.400421
0.066594 0.209495 0.211901
0.100264 0.282837 0.229842
0.526753 0.497055 0.389224
0.386461 0.495934 0.434701
0.414519 0.3979 0.468356
0.751221 0.433426 0.565971
0.857843 0.453101 0.544143
0.358402 0.455049 0.380447
0.0273121 0.438565 0.269455
0.246168 0.302056 0.293249
0.487471 0.243394 0.400215
0.521141 0.378414 0.351287
0.100264 0.0767457 0.118189
-0.141039 -0.0674476 -0.080992
-0.0961452 -0.0627674 -0.104629
-0.0849218 -0.110816 0.00249763
-0.0175814 0.130188 -0.0577653
-0.326225 -0.235576 -0.223749
-0.337448 -0.276386 -0.261406
-0.0288048 -0.0660927 -0.115764
0.0160887 0.180415 0.0714861
0.240557 0.114672 0.104
-0.14665 -0.187725 -0.0840349
-0.371118 -0.351715 -0.228218
-0.197156 -0.37739 -0.201137
-0.0793101 -0.236878 -0.147648
-0.275719 -0.228991 -0.148375
-0.331836 -0.111198 -0.184658
-0.208379 -0.0732146 -0.136799
-0.0512516 -0.0511321 -0.0987463
0.0329238 -0.135401 -0.0591548
0.167605 -0.292436 -0.0793615
0.0834291 -0.305006 -0.154367
-0.169097 -0.227118 -0.278155
-0.129815 -0.293005 -0.323165
-0.202767 -0.357235 -0.348719
-0.169097 -0.343207 -0.441712
-0.584363 -0.604373 -0.582973
-0.657315 -0.734965 -0.660441
-0.67415 -0.675341 -0.601847
-0.634868 -0.496458 -0.549554
-0.612421 -0.571599 -0.600859
-0.898618 -0.63166 -0.675987
-0.965958 -0.644111 -0.688087
-0.870559 -0.520655 -0.624787
-0.915453 -0.447249 -0.593921
-0.836889 -0.461911 -0.557745
-0.77516 -0.451239 -0.508845
-0.758325 -0.46852 -0.524196
-0.662927 -0.599195 -0.541248
-0.60681 -0.521063 -0.654646
-0.651703 -0.74719 -0.849615
-1.22971 -1.33265 -1.17399
-1.37561 -1.37215 -1.46603
-1.61691 -1.3256 -1.52576
-1.78527 -1.26149 -1.5171
-1.79088 -1.35498 -1.49372
-1.5608 -1.21638 -1.48369
-1.61691 -1.32082 -1.2895
-1.24093 -1.07997 -1.09032
-1.19043 -0.967328 -1.09487
-1.56641 -1.04854 -1.21503
-1.43734 -0.931993 -1.41859
-1.51029 -1.36554 -1.50625
-1.65059 -1.3673 -1.56573
-1.93678 -1.41296 -1.54121
-1.75721 -1.352 -1.37328
-1.19604 -1.15456 -1.18382
-1.23532 -0.981644 -1.10612
-1.06697 -0.808886 -1.03927
-1.11747 -1.00114 -1.06979
-1.39806 -1.11808 -1.20837
-1.25777 -1.13549 -1.30957
-1.40928 -1.21021 -1.25588
-1.49907 -1.31708 -1.31729
-1.67864 -1.33479 -1.48067
-1.64497 -1.43399 -1.53141
-1.00524 -1.49052 -1.41278
-0.977182 -1.42207 -1.30748
-1.39806 -1.41646 -1.39795
-1.70109 -1.52511 -1.53713
-1.75721 -1.52899 -1.65479
-1.88628 -1.51135 -1.76237
-1.89189 -1.62153 -1.76918
-1.78527 -1.69836 -1.79478
-1.87505 -1.75699 -1.85868
-1.94239 -1.81342 -1.84381
-1.90311 -1.859 -1.7825
-1.72354 -1.80456 -1.69856
-1.43173 -1.85193 -1.63254
-1.42051 -1.84009 -1.63471
-1.67864 -1.81024 -1.66569
-1.90311 -1.78955 -1.63963
-1.76843 -1.5458 -1.60898
-1.71231 -1.51222 -1.65198
-1.60569 -1.78636 -1.66104
-2.00973 -1.76475 -1.74928
-2.06024 -1.75168 -1.80184
-2.01535 -1.55304 -1.81755
-1.76843 -1.70314 -1.85139
-1.86944 -1.96469 -1.94364
-2.08269 -2.041 -2.01112
-1.93117 -1.99371 -1.88344
-1.98168 -1.79484 -1.76913
-1.8975 -1.61365 -1.73223
-1.93678 -1.65186 -1.72296
-1.85261 -1.57856 -1.69735
-1.79649 -1.66538 -1.7235
-1.948 -1.72611 -1.78103
-1.85822 -1.69711 -1.65257
-1.83016 -1.42183 -1.51561
-1.5159 -1.20367 -1.38173
-1.34755 -1.37343 -1.32855
-1.61691 -1.48618 -1.29932
-1.63936 -1.29671 -1.24823
-1.38684 -0.99734 -1.16922
-1.14553 -1.19057 -1.21248
-1.34755 -1.40453 -1.29795
-1.71231 -1.37216 -1.39459
-1.61691 -1.20912 -1.35541
-1.07258 -1.33828 -1.30743
-1.00524 -1.53224 -1.22866
-0.853724 -1.41631 -1.04421
-0.758325 -1.31026 -1.03663
-0.960346 -1.34398 -1.21434
-1.28021 -1.3629 -1.3566
-1.21287 -1.32791 -1.31022
-1.2746 -1.36129 -1.29055
-1.35878 -1.30564 -1.31594
-1.42051 -1.24341 -1.33347
-1.24654 -1.21455 -1.32421
-1.20165 -1.43902 -1.38305
-1.39806 -1.51082 -1.47587
-1.39806 -1.4698 -1.54256
-1.51029 -1.47388 -1.39209
-1.21848 -1.30052 -1.33346
-1.09503 -1.46392 -1.36646
-1.26338 -1.5073 -1.45061
-1.2746 -1.4469 -1.34358
-1.10064 -1.28535 -1.14667
-1.19043 -1.12883 -1.07788
-1.16798 -0.935508 -1.09027
-1.06136 -0.88354 -1.08193
-1.17359 -1.08788 -1.04761
-1.13992 -1.06158 -1.01933
-1.03891 -0.969059 -1.0649
-1.10625 -0.971144 -1.14792
-1.15114 -1.04406 -1.13331
-1.07819 -0.945606 -1.04703
-0.893006 -0.771031 -0.947541
-0.803219 -0.656229 -0.757096
-0.500187 -0.47617 -0.620587
-0.786384 -0.807111 -0.721798
-0.803219 -0.90362 -0.777361
-0.618033 -0.783679 -0.682718
-0.735879 -0.706956 -0.63408
-0.60681 -0.807092 -0.776108
-0.859336 -0.992047 -0.950932
-0.831277 -1.02225 -0.977096
-0.921065 -0.874244 -0.849534
-0.690985 -0.682865 -0.686218
-0.612421 -0.560027 -0.59306
-0.685373 -0.537345 -0.593609
-0.662927 -0.525607 -0.571964
-0.533857 -0.445137 -0.427043
-0.354283 -0.240959 -0.250104
-0.230826 -0.117991 -0.139715
-0.247661 -0.130038 -0.189105
-0.247661 -0.273097 -0.269898
-0.185932 -0.347609 -0.334263
-0.387953 -0.381438 -0.381646
-0.197156 -0.313093 -0.376584
-0.399177 -0.386189 -0.44285
-0.623645 -0.393679 -0.553073
-0.702208 -0.608747 -0.633585
-0.612421 -0.605829 -0.628718
-0.595586 -0.480113 -0.579771
-0.286943 -0.357774 -0.451851
-0.320613 -0.225832 -0.327722
-0.292555 -0.196272 -0.228625
-0.0400282 -0.0853982 -0.185623
0.010477 -0.0363155 -0.106928
0.0722057 -0.0316157 0.00736792
-0.0175814 0.221926 0.0169198
-0.0400282 0.219369 -0.0594141
-0.292555 -0.028176 -0.226204
-0.399177 -0.251198 -0.379306
-0.393565 -0.318516 -0.399571
-0.427235 -0.265817 -0.346492
-0.247661 -0.282312 -0.208525
-0.0905335 -0.100647 0.033384
0.105876 0.338491 0.245173
0.223721 0.498727 0.338073
0.229333 0.264893 0.197529
0.0441472 0.0879513 0.00947031
-0.0119697 -0.00381437 -0.0420014
0.0217004 0.11386 0.00411043
0.0553706 0.178892 0.0761306
0.122711 0.159454 0.242964
0.352791 0.438093 0.409075
0.521141 0.674294 0.510533
0.352791 0.569742 0.385696
0.234945 0.272648 0.31654
0.448189 0.309711 0.383064
0.364014 0.294798 0.379709
0.521141 0.37159 0.514038
0.841008 0.623985 0.630494
0.448189 0.629203 0.467809
0.167605 0.479395 0.33267
0.263003 0.577748 0.348114
0.190051 0.551103 0.381801
0.375237 0.49923 0.31975
0.111488 0.412026 0.167743
0.257392 0.321546 0.161337
0.28545 0.282676 0.243113
0.425743 0.41654 0.365223
0.470636 0.537611 0.491386
0.5492 0.692269 0.523258
0.532365 0.645281 0.50482
0.48186 0.664502 0.495513
0.526753 0.570697 0.508218
0.554812 0.514569 0.561041
0.442578 0.598456 0.565758
0.560423 0.668993 0.521371
0.448189 0.681067 0.510852
0.487471 0.662992 0.555418
0.588482 0.547698 0.554777
0.661434 0.511048 0.61012
0.706327 0.643281 0.675942
0.824173 0.607867 0.7002
0.711939 0.568243 0.648357
0.779279 0.532368 0.62851
0.885902 0.690067 0.809518
1.07109 0.982046 0.948385
0.65021 0.937136 0.797959
0.5492 0.822309 0.748817
0.986912 0.935832 0.87696
0.9813 1.00341 0.885097
0.818561 0.748093 0.82942
0.902737 0.806203 0.813522
0.9813 0.847556 0.853848
0.936407 0.954862 0.990604
1.08231 1.1195 1.21056
1.39657 1.30218 1.31121
0.84662 1.31212 1.10668
0.773668 1.22358 0.946628
0.9813 0.97794 0.938594
1.05425 0.992145 0.943118
0.919572 0.994268 0.932175
0.768056 1.0778 0.895522
0.953242 1.03018 0.971949
0.930795 1.16289 1.10599
0.925184 1.1223 1.05271
0.835396 0.928298 0.906623
0.885902 0.83731 0.871247
0.975689 0.896696 0.992265
1.06548 1.03114 1.09441
1.14965 1.14797 1.13342
1.06548 0.991322 1.18271
1.00375 1.11825 1.18187
0.942019 1.24611 1.05555
0.925184 1.15786 0.996422
0.975689 1.0595 0.997443
0.84662 1.14443 1.02201
0.852231 1.22402 1.00278
0.762444 1.13489 0.938976
0.784891 1.13704 0.977265
0.953242 1.15759 1.06436
1.09353 1.25605 1.16066
1.08231 1.34903 1.18387
1.0767 1.25427 1.17818
1.15526 1.19635 1.20277
1.11037 1.22222 1.18625
1.0767 1.24516 1.10795
1.13843 1.21773 1.06626
0.9813 1.2365 1.0649
0.953242 1.27394 1.05542
1.04303 1.20039 1.03469
0.9813 1.13043 1.04552
1.07109 1.09303 1.15805
1.31239 1.27337 1.3716
1.32361 1.43291 1.51269
0.891513 1.44179 1.34006
0.975689 1.35993 1.20677
1.15526 1.29778 1.27646
1.21138 1.25534 1.25924
1.04864 1.22669 1.17502
0.986912 1.20856 1.11025
1.08792 1.32878 1.14168
1.00375 1.40521 1.21712
1.09915 1.44437 1.29611
1.24505 1.36902 1.29988
1.23383 1.21054 1.26175
1.29556 1.19509 1.23999
1.32923 1.27362 1.27109
1.24505 1.32282 1.23901
1.16087 1.20011 1.19202
1.20016 1.21748 1.19904
1.27311 1.23486 1.24111
1.21699 1.26085 1.24009
1.1721 1.23659 1.23513
1.21138 1.25356 1.28262
1.32361 1.29388 1.34989
1.37973 1.3637 1.36462
1.21138 1.39985 1.32538
1.23383 1.35924 1.30983
1.35728 1.34409 1.3498
1.37412 1.29724 1.35185
1.17771 1.25128 1.32724
1.30678 1.22751 1.28287
1.20016 1.22901 1.22036
1.20016 1.19737 1.19493
1.16649 1.24036 1.15291
1.19454 1.17412 1.18655
1.2226 1.19792 1.20681
1.19454 1.2107 1.20005
1.19454 1.22104 1.19154
1.11037 1.16985 1.16758
1.03742 1.14798 1.12568
1.02619 1.15387 1.10814
1.10476 1.21855 1.16547
1.25066 1.21954 1.20684
1.1272 1.19853 1.15458
0.975689 1.09364 1.05122
0.958854 0.99106 0.978351
1.14404 1.01875 1.00105
1.05425 1.0494 1.03105
0.986912 1.05993 0.961276
0.784891 0.948485 0.833937
0.863455 0.92606 0.842227
0.857843 0.938415 0.888118
0.841008 0.957754 0.867545
0.857843 0.952776 0.879861
0.908348 1.07757 0.922377
0.9813 1.06715 0.955789
0.84662 0.978771 0.906133
0.852231 0.973964 0.826801
0.678269 0.917178 0.782167
0.796115 0.807284 0.781537
1.00375 0.779901 0.846292
0.925184 0.90505 0.910795
0.745609 0.929821 0.875982
0.633375 0.814923 0.765467
0.695104 0.746516 0.736804
0.739998 0.835484 0.780644
0.683881 0.956732 0.819431
0.885902 0.911938 0.753848
0.5492 0.809547 0.613942
0.498695 0.669812 0.497041
0.459413 0.585062 0.444456
0.566035 0.535458 0.532309
0.633375 0.583308 0.692455
0.762444 0.72758 0.836027
0.756833 0.859263 0.961368
0.857843 0.91949 1.00155
0.779279 0.899365 0.969344
1.07109 0.828598 0.943511
0.874678 0.787804 0.862855
0.773668 0.833399 0.817998
0.801726 0.818224 0.864861
0.745609 0.867151 0.856072
0.717551 0.859638 0.752495
0.51553 0.56621 0.576885
0.341567 0.400101 0.425264
0.487471 0.426371 0.463992
0.532365 0.489248 0.588762
0.695104 0.492611 0.626465
0.509918 0.478797 0.593619
0.633375 0.572577 0.515961
0.706327 0.430001 0.443548
0.5492 0.355094 0.434523
0.470636 0.414528 0.446066
0.476248 0.37621 0.442883
0.436966 0.278978 0.458309
0.638987 0.26311 0.394713
0.392072 0.123168 0.208673
-0.0849218 -0.0692854 0.0317322
0.0273121 0.0310846 0.0571464
0.229333 0.13501 0.249848
0.0609823 0.268 0.257403
-0.0119697 0.211139 0.142058
-0.0175814 0.0644374 0.0107462
-0.0400282 -0.101251 -0.131609
-0.197156 -0.36546 -0.253847
-0.191544 -0.324064 -0.281937
-0.174709 -0.187774 -0.27666
-0.236438 -0.177509 -0.308793
-0.326225 -0.339538 -0.301968
-0.303778 -0.229012 -0.213747
-0.14665 -0.073939 -0.0885859
0.128323 0.00927619 0.0327747
0.128323 -0.0661491 0.00287442
-0.281331 -0.349914 -0.185046
-0.337448 -0.438604 -0.342106
-0.44407 -0.416829 -0.381206
-0.517022 -0.419053 -0.369388
-0.421624 -0.399319 -0.303224
-0.432847 -0.354249 -0.294805
-0.477741 -0.338495 -0.29112
-0.455294 -0.303044 -0.17079
-0.118592 -0.124421 0.0084754
-0.11298 0.0231368 0.0544173
-0.00635805 -0.117672 -0.176294
-0.735879 -0.535104 -0.600659
-0.881783 -0.92262 -0.857008
-0.702208 -0.883018 -0.877192
-0.60681 -0.798512 -0.725397
-0.522634 -0.702898 -0.581646
-0.533857 -0.619627 -0.454118
-0.281331 -0.35169 -0.347836
-0.432847 -0.349638 -0.231386
-0.0905335 -0.0784911 -0.187064
-0.44407 -0.332637 -0.413117
-0.921065 -0.732565 -0.676211
-0.954735 -0.795787 -0.716777
-0.539469 -0.640677 -0.613053
-0.808831 -0.754466 -0.737353
-1.02208 -0.919614 -0.828711
-1.0838 -0.891403 -0.749036
-0.556304 -0.671089 -0.571455
-0.601198 -0.552494 -0.373964
-0.595586 -0.280126 -0.27095
-0.618033 -0.410518 -0.425
-0.814442 -0.626088 -0.664905
-1.12309 -0.827262 -0.706611
-0.893006 -0.72088 -0.713357
-0.814442 -0.859872 -0.760852
-0.752714 -1.01148 -0.793277
-0.999628 -0.939761 -0.796763
-0.780772 -0.907934 -0.93783
-1.09503 -1.15412 -1.12873
-1.26338 -1.2139 -1.16177
-0.921065 -1.05528 -1.04259
-1.11747 -1.01912 -0.941091
-0.719043 -0.914593 -0.843237
-1.14553 -0.887773 -0.954128
-1.33633 -0.942169 -1.08925
-0.949123 -1.08449 -1.20615
-1.15114 -1.48342 -1.31002
-1.15676 -1.46234 -1.38022
-1.21287 -1.27305 -1.29756
-1.48223 -1.16913 -1.15735
-1.26338 -0.968791 -0.996545
-0.842501 -1.02971 -0.954215
-1.08942 -1.41898 -1.07695
-1.28582 -1.46385 -1.20234
-1.03891 -1.47406 -1.23422
-0.842501 -1.44547 -1.19081
-0.561916 -1.43758 -1.24608
-1.24654 -1.46781 -1.26475
-0.808831 -1.41492 -1.0548
-0.949123 -1.24189 -0.98582
-1.00524 -1.25202 -1.12024
-1.13431 -1.27768 -1.22687
-1.28021 -1.40022 -1.36515
-1.65059 -1.57261 -1.48036
-1.69548 -1.63416 -1.58304
-1.90311 -1.65385 -1.61673
-1.72915 -1.56441 -1.57495
-1.73476 -1.4136 -1.57996
-1.85822 -1.52319 -1.59552
-1.97606 -1.69055 -1.52228
-1.77965 -1.40908 -1.35707
-1.56641 -1.14054 -1.26449
-1.47662 -1.19245 -1.21864
-1.43734 -1.28076 -1.24703
-1.52713 -1.27132 -1.28901
-1.36439 -1.12745 -1.29537
-1.5608 -1.20035 -1.27986
-1.0333 -1.35213 -1.25858
-1.11186 -1.47658 -1.27311
-1.39806 -1.45574 -1.24376
-1.42051 -1.35985 -1.1761
-1.17359 -1.36082 -1.1933
-1.53835 -1.46517 -1.3313
-1.38684 -1.49779 -1.28214
-1.21848 -1.45771 -1.18972
-1.2241 -1.50543 -1.15583
-1.00524 -1.39491 -1.09786
-0.758325 -1.39648 -1.01057
-0.825666 -1.38386 -1.02715
-0.887394 -1.43799 -1.10508
-0.803219 -1.46278 -1.07045
-0.735879 -1.36559 -1.02147
-0.825666 -1.33099 -1.02596
-0.921065 -1.34769 -1.09758
-1.10064 -1.38428 -1.18784
-1.44856 -1.41321 -1.21785
-1.34755 -1.35464 -1.14966
-1.36439 -1.25963 -1.09787
-1.45979 -1.21344 -1.15294
-1.44856 -1.13181 -1.19368
-1.34755 -1.14478 -1.13172
-1.31388 -1.03504 -1.04117
-1.11186 -0.943967 -0.8734
-0.213991 -0.754458 -0.643187
-0.646091 -0.803794 -0.785618
-1.36439 -1.0007 -1.11186
-1.16798 -1.18211 -1.31523
-1.24654 -1.49531 -1.38448
-1.54396 -1.33699 -1.38414
-1.22971 -1.30632 -1.2165
-0.74149 -1.13745 -1.01716
-0.60681 -1.00788 -0.906628
-1.14553 -0.973632 -1.02358
-1.21287 -1.07395 -1.12053
-1.16798 -1.07619 -1.11393
-1.20726 -0.93507 -1.13808
-1.06697 -1.03295 -1.0961
-1.12309 -1.04669 -1.16249
-1.04452 -1.13654 -1.20024
-0.881783 -1.16859 -1.15651
-0.831277 -1.12472 -1.0904
-1.16237 -1.11785 -1.08052
-1.11186 -1.04401 -1.08043
-1.07258 -0.984492 -1.00452
-0.657315 -0.894462 -0.842429
-0.747102 -0.72714 -0.659713
-0.589974 -0.576729 -0.581345
-0.702208 -0.591394 -0.701752
-1.07258 -0.646895 -0.925325
-0.870559 -0.822943 -1.01681
-0.842501 -0.854563 -1.02814
-1.08942 -0.683201 -1.01312
-1.01646 -0.748838 -0.944414
-0.780772 -0.880108 -0.89066
-1.12309 -0.843013 -0.996149
-1.09503 -0.855318 -1.02585
-0.97157 -0.728268 -0.910019
-0.623645 -0.640114 -0.849457
-0.522634 -0.819736 -0.80884
-0.298166 -0.733013 -0.702251
-0.432847 -0.626454 -0.640802
-0.460905 -0.615302 -0.593345
-0.286943 -0.551827 -0.54663
-0.511411 -0.486831 -0.540596
-0.494576 -0.433369 -0.561054
-0.432847 -0.495735 -0.57643
-0.601198 -0.527984 -0.561772
-0.416012 -0.510481 -0.583783
-0.533857 -0.575817 -0.6223
-0.460905 -0.506114 -0.600804
-0.303778 -0.414647 -0.553567
-0.466517 -0.417257 -0.497911
-0.393565 -0.335046 -0.287383
0.0609823 0.0249173 -0.0642697
-0.00635805 0.165309 -0.0290111
-0.14665 -0.170333 -0.185082
-0.236438 -0.387554 -0.35194
-0.270108 -0.452617 -0.357334
-0.230826 -0.360206 -0.266562
-0.157874 -0.123705 -0.139818
-0.124204 0.0516383 -0.072196
-0.0344165 0.0885987 -0.0512144
0.0329238 -0.0141754 -0.0364669
0.0722057 0.0296675 -0.0015816
0.167605 0.042342 0.0795836
0.21811 0.0812015 0.128362
0.133934 0.149713 0.125166
0.18444 0.151055 0.171851
0.397684 0.256536 0.320324
0.397684 0.476582 0.392334
0.392072 0.24235 0.267916
-0.0793101 -0.0735593 0.0708681
-0.0119697 0.11695 0.068869
0.274227 0.358507 0.210638
0.414519 0.394531 0.411282
0.465024 0.556449 0.46
0.257392 0.218683 0.364471
0.493083 0.284766 0.431042
0.667045 0.475929 0.638901
1.03742 0.611549 0.803595
0.487471 0.532559 0.633627
0.139546 0.307907 0.374169
0.386461 0.389224 0.346111
0.442578 0.536017 0.425507
0.414519 0.59053 0.433318
0.622152 0.510312 0.434639
0.605317 0.466791 0.42202
0.453801 0.449732 0.359578
0.476248 0.422399 0.352371
0.470636 0.449095 0.376318
0.504306 0.46472 0.431524
0.610929 0.526848 0.492406
0.594093 0.45637 0.494318
0.700716 0.373078 0.508843
0.627764 0.490782 0.491001
0.655822 0.57036 0.483111
0.667045 0.594209 0.536507
0.756833 0.731282 0.692847
1.02619 0.810845 0.744871
0.953242 0.683986 0.762625
1.02619 0.731995 0.882713
1.1721 0.847076 1.06634
1.16649 1.07774 1.15354
0.897125 1.15155 0.975322
0.498695 0.849931 0.710547
0.532365 0.813303 0.613925
0.65021 0.869452 0.640138
0.65021 0.855465 0.745717
0.509918 1.00572 0.81725
0.622152 0.932091 0.749419
0.588482 0.74535 0.739846
0.723162 0.811861 0.775321
0.835396 0.821241 0.756563
0.841008 0.789301 0.832504
0.91396 0.863023 0.97843
1.02619 1.07776 1.07436
1.09915 1.13375 1.05986
1.02058 1.07352 1.03606
0.897125 1.05592 0.953577
1.10476 0.861776 0.932389
1.04864 0.769986 0.89458
0.998136 0.886103 0.919093
1.18893 1.00234 1.0263
1.2226 1.05256 1.13031
1.38534 1.15007 1.2238
1.13843 1.25227 1.26972
0.992524 1.31233 1.09073
0.902737 1.11149 0.8578
0.897125 0.868728 0.85361
0.94763 0.978975 1.01393
1.04864 1.08748 1.09791
0.908348 1.09443 1.01934
1.00375 0.981365 0.969865
1.06548 1.03492 1.0495
1.27311 1.13587 1.18475
1.32361 1.16427 1.27104
1.35728 1.11209 1.28508
1.37412 1.14142 1.26798
1.35728 1.18843 1.27726
1.37412 1.15801 1.25079
1.16087 1.1565 1.15219
1.14404 1.04516 1.10244
1.29556 1.10529 1.19481
1.32923 1.26567 1.33003
1.318 1.35198 1.32987
1.09353 1.28038 1.18335
1.09915 1.18172 1.1147
1.18332 1.28627 1.19243
1.2226 1.36938 1.29401
1.34045 1.35879 1.29974
1.35167 1.27417 1.28204
1.18893 1.16105 1.24333
1.20577 1.13212 1.13947
1.06548 1.13714 1.0996
1.14965 1.17319 1.12899
1.14404 1.12386 1.18547
1.318 1.21992 1.32264
1.43024 1.31102 1.4466
1.56492 1.36462 1.46426
1.39095 1.35577 1.38372
1.28994 1.30973 1.34244
1.28433 1.35977 1.31935
1.32361 1.27979 1.29642
1.28994 1.25383 1.21467
1.16649 1.20062 1.17522
1.24505 1.22234 1.21041
1.29556 1.24433 1.24984
1.27311 1.24763 1.25082
1.2675 1.24956 1.2567
1.31239 1.30249 1.29435
1.318 1.29449 1.32502
1.25627 1.35329 1.322
1.29556 1.34979 1.33326
1.14404 1.33845 1.25562
0.975689 1.29426 1.11689
0.975689 1.21947 1.04697
0.998136 1.19201 1.08072
1.03181 1.27021 1.09771
1.07109 1.30869 1.0923
1.16649 1.26185 1.12712
1.25066 1.19718 1.19642
1.21699 1.24696 1.1969
1.32361 1.30436 1.21285
1.34606 1.3071 1.27918
1.36851 1.34371 1.29852
1.18893 1.31571 1.23004
1.15526 1.22407 1.18877
0.986912 1.2158 1.15026
1.05425 1.28057 1.05378
0.908348 1.12027 0.950942
1.05425 1.05608 0.959049
1.03742 1.10197 1.00322
0.975689 1.1218 1.0225
0.953242 1.1194 1.07577
1.17771 1.19768 1.17965
1.19454 1.21241 1.24604
1.08231 1.23872 1.23822
1.11037 1.28236 1.1754
1.03181 1.18684 1.13152
1.00936 1.11269 1.09484
0.796115 1.10245 0.981794
0.728774 1.05004 0.822314
0.723162 1.00803 0.786641
0.908348 0.938265 0.855544
1.01497 0.92132 0.943038
1.05425 0.959377 0.994401
1.03181 1.00909 1.02532
1.09353 1.01288 1.01741
1.11037 1.01625 0.981988
1.05986 1.02657 0.993652
1.02619 1.02645 1.01579
1.03742 1.01579 1.02745
1.04303 1.06432 0.979912
0.94763 1.01637 0.877121
0.790503 0.915148 0.796035
0.756833 0.818829 0.722841
0.796115 0.729315 0.732889
0.936407 0.747452 0.777603
0.768056 0.799269 0.780792
0.745609 0.826871 0.743027
0.638987 0.849657 0.725057
0.801726 0.911959 0.792134
0.857843 0.966835 0.853006
0.790503 1.01426 0.893496
0.953242 0.974339 0.901433
0.768056 0.820893 0.782076
0.509918 0.78118 0.618882
0.633375 0.677001 0.579173
0.453801 0.495046 0.50654
0.335955 0.34561 0.404714
0.436966 0.305703 0.354045
0.431354 0.282736 0.399684
0.476248 0.329777 0.52051
0.498695 0.496488 0.582942
0.380849 0.50939 0.513093
0.369626 0.380498 0.393425
0.223721 0.26726 0.339246
0.386461 0.401201 0.495469
0.622152 0.559541 0.60504
0.375237 0.482068 0.401458
0.352791 0.218947 0.261409
0.195663 0.128041 0.214785
0.195663 0.208312 0.211883
0.128323 0.250316 0.147238
0.100264 0.148648 0.0725456
0.0441472 0.10513 0.0720102
0.145158 0.172483 0.200022
0.279838 0.302527 0.237486
0.246168 0.228539 0.148366
0.111488 -0.0106419 -0.00206524
0.190051 -0.0830106 -0.0187523
0.156381 0.0117701 0.0294815
0.178828 0.0123417 0.0440455
0.0834291 0.00107435 0.0480738
0.00486534 0.141413 0.0107853
-0.0119697 0.0584806 -0.0488177
0.0385355 -0.117558 -0.0750359
-0.0400282 -0.150737 -0.0718505
-0.0288048 -0.069248 -0.0534985
0.010477 -0.00115921 -0.00351039
0.139546 0.0240517 0.0198192
0.0441472 -0.0406327 0.0333777
0.0385355 -0.0378994 0.0995537
0.145158 0.0629231 0.201527
0.302285 0.144632 0.282577
0.28545 0.157115 0.301618
0.128323 0.0307978 0.110787
-0.286943 -0.160053 -0.145303
-0.315001 -0.373973 -0.250029
-0.118592 -0.344065 -0.269319
-0.298166 -0.404857 -0.315326
-0.432847 -0.532096 -0.399746
-0.460905 -0.512574 -0.393511
-0.365507 -0.441207 -0.229411
0.0217004 -0.249983 -0.163825
-0.292555 -0.253111 -0.363284
-0.634868 -0.533286 -0.585347
-0.713432 -0.706698 -0.635023
-0.483352 -0.589596 -0.675028
-0.74149 -0.759406 -0.709379
-0.769549 -0.690368 -0.577502
-0.528246 -0.433325 -0.412998
-0.584363 -0.398738 -0.489751
-0.786384 -0.809982 -0.702686
-0.904229 -0.900563 -0.827637
-0.623645 -0.84893 -0.839976
-0.831277 -0.936064 -0.973438
-1.06136 -1.16442 -1.1744
-1.31949 -1.30635 -1.39094
-1.14553 -1.35958 -1.32171
-0.763937 -1.23494 -1.07449
-0.758325 -1.04508 -0.960939
-0.9379 -1.13905 -0.995743
-0.932288 -1.19381 -1.03996
-1.06697 -1.17999 -1.05777
-1.20165 -1.23534 -1.09777
-1.20726 -1.26578 -1.09825
-1.10625 -1.26287 -1.04737
-1.05013 -1.1245 -0.896841
-0.904229 -0.964206 -0.766153
-1.10625 -1.038 -0.892527
-1.11186 -1.04828 -1.02859
-1.00524 -1.0153 -1.06704
-0.999628 -1.19956 -0.990725
-0.629256 -1.10123 -0.907538
-0.9379 -0.963046 -0.959971
-0.797607 -0.810141 -0.972262
-0.932288 -0.975784 -0.980116
-0.932288 -1.11993 -1.06831
-1.06136 -1.30252 -1.05527
-1.01085 -1.18059 -0.958026
-0.864948 -0.918645 -0.976634
-0.921065 -1.25906 -0.950562
-1.04452 -1.08452 -0.876708
-1.07258 -1.00846 -0.883151
-1.43173 -1.07776 -0.98027
-1.40367 -0.97611 -1.1075
-1.07819 -1.10099 -1.24253
-1.49346 -1.32677 -1.40935
-1.63936 -1.41186 -1.50101
-1.76843 -1.23499 -1.59974
-1.60008 -1.52054 -1.5595
-1.53274 -1.47809 -1.49438
-1.48223 -1.34474 -1.5607
-1.54396 -1.44864 -1.57479
-1.6113 -1.5254 -1.47271
-1.29705 -1.40579 -1.33153
-1.32511 -1.40043 -1.40541
-1.28582 -1.62469 -1.4254
-1.0838 -1.58643 -1.4124
-1.35878 -1.58781 -1.56897
-1.80771 -1.79698 -1.71313
-1.34194 -1.87579 -1.54519
-0.808831 -1.79039 -1.16878
-0.657315 -1.33436 -0.912544
-0.909841 -1.23051 -0.943213
-0.994017 -1.42363 -1.18369
-1.42612 -1.62146 -1.366
-1.25777 -1.62402 -1.36843
-1.09503 -1.57519 -1.29375
-1.24654 -1.62739 -1.34527
-1.49907 -1.67113 -1.35648
-1.04452 -1.47571 -1.29097
-1.07819 -1.64978 -1.26283
-1.07258 -1.63381 -1.29032
-1.12309 -1.56873 -1.2383
-0.887394 -1.4184 -1.15945
-0.949123 -1.43931 -1.20688
-0.954735 -1.48211 -1.28773
-1.07258 -1.53768 -1.41519
-1.33072 -1.67446 -1.55515
-1.45979 -1.77314 -1.56333
-1.0333 -1.64582 -1.35181
-0.747102 -1.47919 -1.01481
-0.511411 -1.17262 -0.834523
-0.679762 -1.13291 -0.817723
-0.573139 -1.18718 -0.873945
-0.719043 -1.20798 -0.962881
-0.797607 -1.30275 -1.027
-0.954735 -1.25912 -1.1669
-1.26338 -1.28527 -1.31503
-1.25215 -1.35174 -1.39186
-1.15676 -1.39059 -1.34942
-1.19043 -1.38735 -1.29633
-1.2746 -1.42566 -1.31106
-1.26899 -1.4436 -1.3265
-1.29144 -1.45127 -1.22757
-1.06697 -1.34915 -1.0696
-0.965958 -1.31099 -0.974134
-0.904229 -1.21939 -1.02841
-1.21848 -1.15531 -1.05792
-1.1792 -1.17166 -1.10404
-1.16798 -1.18006 -1.14994
-0.74149 -1.12263 -1.04939
-0.657315 -1.01213 -0.950749
-0.820054 -1.12847 -0.971904
-0.960346 -1.05324 -1.03986
-1.02769 -1.07934 -1.14055
-0.876171 -1.06526 -1.06494
-0.763937 -0.995271 -0.861062
-0.545081 -0.910626 -0.716688
-0.612421 -0.848353 -0.559298
-0.337448 -0.585525 -0.528196
-0.64048 -0.736568 -0.711102
-0.977182 -0.945387 -0.912954
-0.965958 -0.969521 -1.03496
-0.982793 -0.992739 -0.997418
-0.589974 -0.840936 -0.771066
-0.4104 -0.601734 -0.623903
-0.539469 -0.684445 -0.693368
-0.696597 -0.870025 -0.848675
-0.814442 -0.951093 -0.918169
-0.836889 -0.85072 -0.913385
-0.786384 -0.776171 -0.896526
-0.74149 -0.751959 -0.841033
-0.70782 -0.69023 -0.756574
-0.64048 -0.648251 -0.649525
-0.528246 -0.585335 -0.528061
-0.427235 -0.511253 -0.442436
-0.320613 -0.445072 -0.347899
-0.230826 -0.34541 -0.191414
-0.0456399 -0.170003 -0.0469539
0.066594 -0.0181351 0.0331087
0.0553706 -0.10276 0.0583805
-0.00635805 -0.0343565 -0.0119194
-0.0849218 -0.0806372 -0.0184643
0.145158 0.0120022 -0.0067849
-0.0344165 -0.15353 -0.209765
-0.528246 -0.394484 -0.448133
-0.44407 -0.411251 -0.52289
-0.601198 -0.362266 -0.449136
-0.404788 -0.262849 -0.224877
-0.202767 -0.0666354 -0.0977626
-0.124204 0.0334551 0.00501121
-0.152262 0.0655066 -0.0531353
-0.202767 -0.112016 -0.198748
-0.315001 -0.2012 -0.261901
-0.213991 -0.0943367 -0.21763
-0.14665 0.00596786 -0.201248
-0.225214 -0.0486819 -0.203907
-0.197156 -0.1316 -0.0897938
0.111488 0.176124 0.0457711
-0.230826 0.0307927 -0.0712627
-0.387953 -0.284266 -0.24447
-0.337448 -0.280257 -0.353639
-0.662927 -0.333534 -0.455432
-0.505799 -0.317932 -0.425398
-0.34306 -0.169283 -0.281879
-0.062475 -0.0465056 -0.0699041
0.0160887 0.203745 0.0763599
-0.14665 0.326072 0.194916
0.234945 0.470163 0.349813
0.459413 0.301033 0.415366
0.369626 0.269628 0.347292
0.31912 0.225758 0.330198
0.504306 0.226176 0.331909
0.375237 0.180047 0.246148
0.431354 0.173835 0.2106
0.403296 0.123957 0.21931
0.358402 0.101272 0.206944
0.156381 0.136638 0.20892
0.201275 0.208696 0.277058
0.504306 0.328 0.377513
0.397684 0.317762 0.425162
0.442578 0.431892 0.5137
0.689492 0.579976 0.584461
0.526753 0.579923 0.473306
0.436966 0.332879 0.318191
0.117099 0.21302 0.17337
0.117099 0.215449 0.11353
0.229333 0.176077 0.228953
0.51553 0.416189 0.448054
0.509918 0.585037 0.542034
0.453801 0.498564 0.491345
0.526753 0.496798 0.554884
0.728774 0.632831 0.566505
0.392072 0.49394 0.426292
0.442578 0.481605 0.399841
0.532365 0.639494 0.575156
0.818561 0.755779 0.820001
0.919572 0.973107 0.93529
0.717551 0.856433 0.745157
0.431354 0.667931 0.481121
0.521141 0.606125 0.480936
0.599705 0.692445 0.609265
0.521141 0.792523 0.721372
0.768056 0.839124 0.819558
0.807338 0.970397 0.855633
0.891513 0.991797 0.83099
0.633375 0.863949 0.670248
0.532365 0.604138 0.534789
0.672657 0.662156 0.590018
0.683881 0.816527 0.635446
0.599705 0.763453 0.679979
0.779279 0.805742 0.823094
0.745609 0.983514 0.88832
0.779279 0.925633 0.915157
0.91396 1.02799 0.946808
0.925184 1.06753 0.903798
0.588482 0.981995 0.72893
0.638987 0.88533 0.691136
0.745609 0.917334 0.692051
0.756833 0.845029 0.740403
0.695104 0.868399 0.820364
0.773668 0.880158 0.855858
0.801726 0.938661 0.964356
1.02619 1.04489 1.04674
0.891513 1.07159 0.976981
0.986912 0.949967 0.915352
0.81295 0.802852 0.816008
0.824173 0.885334 0.812935
0.998136 0.993373 0.896122
0.992524 1.12251 0.987757
1.04864 1.08813 1.05071
1.09353 1.05371 1.13294
1.31239 1.10654 1.29447
1.24505 1.23976 1.36347
1.16087 1.33359 1.35832
1.41901 1.30451 1.37266
1.46391 1.2545 1.3097
1.32923 1.12298 1.20683
1.23383 1.13145 1.11775
1.16649 1.13524 1.08545
1.11598 1.12657 1.00399
0.91396 1.09221 0.915867
0.958854 1.04016 0.901929
0.863455 1.14343 0.95796
0.94763 1.27728 1.04162
0.852231 1.27416 1.07489
1.12159 1.21233 1.124
1.13843 1.21084 1.1946
1.27311 1.31709 1.29263
1.1272 1.39179 1.34489
1.14404 1.30395 1.30143
1.16649 1.23518 1.25861
1.21699 1.20194 1.20644
1.31239 1.14351 1.14717
1.26189 1.19148 1.13118
1.18332 1.16266 1.18287
1.13282 1.23759 1.21571
1.27872 1.26859 1.36574
1.44707 1.28701 1.46456
1.53686 1.27236 1.43601
1.39095 1.19261 1.36727
1.38534 1.24841 1.28986
1.29556 1.22611 1.27351
1.32361 1.1824 1.209
1.27872 1.12614 1.18514
1.25627 1.154 1.20113
1.20577 1.17424 1.23919
1.31239 1.20036 1.27549
1.27311 1.23897 1.23723
1.27872 1.29252 1.23089
1.40218 1.20576 1.28858
1.318 1.18235 1.31091
1.39657 1.2535 1.35493
1.46952 1.35123 1.42788
1.39657 1.42854 1.41018
1.2675 1.31219 1.31454
1.20016 1.30314 1.27924
1.2675 1.36309 1.31264
1.28433 1.28443 1.31093
1.18893 1.27053 1.32821
1.2675 1.37963 1.3953
1.318 1.48036 1.43492
1.27872 1.45156 1.42141
1.27872 1.38847 1.36415
1.21699 1.29813 1.28972
1.08231 1.20097 1.23843
1.11598 1.16406 1.22018
1.21699 1.18014 1.21888
1.28433 1.21516 1.22989
1.34045 1.1928 1.27472
1.14404 1.19017 1.20817
1.05986 1.13715 1.09512
0.925184 1.04348 1.04822
1.01497 1.0035 1.02167
1.07109 1.06084 1.0603
1.13843 1.12257 1.12743
1.18893 1.14822 1.16527
1.20577 1.18047 1.14858
1.12159 1.15512 1.12568
1.04303 1.12314 1.0939
1.05425 1.1036 1.06004
0.897125 1.09907 1.02739
0.958854 1.06679 1.03526
1.03181 1.09071 1.09628
1.21138 1.07865 1.14323
1.18332 1.07032 1.11884
0.992524 1.09343 1.06217
0.970077 1.03866 1.02591
1.02619 0.975111 1.00647
0.964465 0.968204 0.930195
0.925184 0.846934 0.852299
0.891513 0.7689 0.821619
0.796115 0.792736 0.82639
0.773668 0.838623 0.849903
0.807338 0.867941 0.885699
0.841008 0.912331 0.943114
0.986912 0.957707 0.974733
1.06548 0.96283 0.878525
0.599705 0.791759 0.685616
0.521141 0.684824 0.595311
0.594093 0.716199 0.61155
0.633375 0.699777 0.648466
0.633375 0.72106 0.661993
0.661434 0.667081 0.66576
0.723162 0.634793 0.680811
0.661434 0.669933 0.720045
0.829785 0.609315 0.711495
0.655822 0.617535 0.607388
0.335955 0.610667 0.472663
0.352791 0.571485 0.437966
0.476248 0.578571 0.561539
0.465024 0.581191 0.635702
0.605317 0.593258 0.634966
0.779279 0.569379 0.633328
0.818561 0.495391 0.670732
0.633375 0.532713 0.675438
0.571647 0.546795 0.683356
0.61654 0.59287 0.692325
0.801726 0.642073 0.640438
0.566035 0.585964 0.477061
0.139546 0.281619 0.323149
0.246168 0.376585 0.194291
0.21811 0.146486 0.074496
-0.0288048 -0.0121104 -0.121867
-0.0680867 -0.0103681 -0.156419
-0.0568633 -0.00318635 0.000442413
0.21811 0.108541 0.155857
0.201275 0.257325 0.163396
0.111488 0.167584 0.210147
0.313509 0.13028 0.36327
0.307897 0.218887 0.456616
0.526753 0.235472 0.384171
0.240557 0.126604 0.215291
0.145158 0.0564419 0.118239
0.0497589 0.0127046 0.0322845
0.0553706 -0.0307694 -0.0514073
-0.208379 -0.0764305 -0.141409
-0.163486 -0.174793 -0.124294
0.105876 -0.0906632 0.0635738
0.234945 0.0276189 0.233706
0.18444 0.105896 0.295198
0.190051 0.133241 0.29937
0.18444 0.230752 0.304314
0.223721 0.244112 0.238403
-0.0288048 0.00215156 0.0259376
-0.00635805 -0.0402777 -0.0838304
0.010477 0.0507079 0.0178409
-0.0512516 0.164671 0.110412
-0.0512516 0.0991962 0.0724565
-0.174709 -0.0215825 -0.0454035
-0.247661 -0.115226 -0.0744111
-0.337448 -0.102361 -0.00952763
-0.129815 -0.0472572 0.0741876
-0.062475 -0.0609299 0.122324
0.0722057 -0.0658676 0.201231
0.240557 0.0161485 0.128643
-0.191544 -0.152161 -0.153477
-0.522634 -0.477198 -0.396191
-0.595586 -0.58755 -0.512321
-0.550693 -0.607887 -0.510413
-0.281331 -0.611868 -0.399333
-0.197156 -0.470154 -0.381474
-0.488964 -0.64744 -0.522645
-0.730267 -0.572395 -0.768646
-0.853724 -0.752901 -0.932798
-1.01085 -0.900142 -1.05016
-1.06697 -0.841829 -0.93106
-0.567528 -0.683475 -0.590781
-0.517022 -0.339929 -0.47692
-0.77516 -0.416761 -0.740502
-0.915453 -0.865227 -0.93906
-0.898618 -0.858222 -1.01474
-1.12309 -0.818158 -1.107
-1.30827 -0.947601 -1.19762
-1.06697 -0.970322 -1.19113
-1.14553 -0.978974 -1.27325
-1.48223 -1.07282 -1.35683
-0.881783 -1.10341 -1.21896
-0.460905 -1.02664 -0.997202
-0.646091 -0.951278 -0.869983
-1.13992 -0.89156 -0.865925
-1.13992 -0.831452 -0.87001
-0.926676 -0.879185 -0.840011
-0.791996 -0.90019 -0.888269
-1.20165 -0.983819 -1.06879
-1.16237 -1.00235 -1.10216
-1.42612 -0.957641 -1.1017
-1.36439 -1.01148 -1.20535
-1.47662 -1.11325 -1.29313
-1.33633 -1.09689 -1.2486
-1.16237 -1.06959 -1.16223
-1.5608 -1.08875 -1.17626
-1.25215 -1.02402 -1.10995
-1.37561 -0.819992 -1.10635
-1.08942 -1.08167 -1.0615
-1.15676 -1.11887 -0.989008
-1.10625 -1.05337 -1.03034
-0.859336 -1.16997 -1.13964
-0.965958 -1.30174 -1.23822
-1.35317 -1.27237 -1.25818
-1.12309 -1.25242 -1.22599
-1.49907 -1.18578 -1.26606
-1.71231 -1.13598 -1.40452
-1.72354 -1.15452 -1.53667
-1.57202 -1.46256 -1.61389
-1.38122 -1.74823 -1.6523
-1.26899 -1.75233 -1.51008
-1.14553 -1.50172 -1.31933
-1.50468 -1.31009 -1.32164
-1.39245 -1.45619 -1.36361
-1.78527 -1.44983 -1.48904
-1.83577 -1.44325 -1.55936
-1.32511 -1.5872 -1.52818
-1.68426 -1.64324 -1.50371
-1.54396 -1.54927 -1.38793
-1.52713 -1.35446 -1.34939
-1.63936 -1.29523 -1.36897
-1.57763 -1.24102 -1.38792
-1.63375 -1.33631 -1.37794
-1.62814 -1.35205 -1.40782
-1.4654 -1.27385 -1.33262
-1.44856 -1.24306 -1.24836
-1.38684 -1.1164 -1.12712
-0.977182 -1.00798 -1.03731
-1.09503 -1.16907 -1.0516
-1.45418 -1.29865 -1.09886
-1.35317 -1.33153 -1.00172
-1.10625 -1.22164 -0.982493
-1.48223 -1.32964 -1.20413
-1.62253 -1.44546 -1.3711
-1.60008 -1.51828 -1.38129
-1.44856 -1.50249 -1.28037
-1.37 -1.38516 -1.30531
-1.36439 -1.41023 -1.26112
-1.20726 -1.31951 -1.05546
-0.488964 -1.24227 -0.849989
-0.960346 -1.25041 -0.811272
-0.999628 -1.29452 -0.876908
-0.831277 -1.30351 -1.08872
-1.44856 -1.48095 -1.30382
-1.49346 -1.59925 -1.49833
-1.47101 -1.62601 -1.58884
-1.45418 -1.59243 -1.57102
-1.44856 -1.64149 -1.51565
-1.45979 -1.64931 -1.51866
-1.50468 -1.62088 -1.49422
-1.54396 -1.59014 -1.44372
-1.49346 -1.54844 -1.41259
-1.48785 -1.53014 -1.39336
-1.34194 -1.55209 -1.36151
-1.42051 -1.63572 -1.37637
-1.44856 -1.59493 -1.44622
-1.4654 -1.59305 -1.53088
-1.55519 -1.66711 -1.53758
-1.24654 -1.62271 -1.37679
-0.921065 -1.52911 -1.24241
-0.752714 -1.4446 -1.08821
-0.646091 -1.38134 -1.05583
-0.893006 -1.42569 -1.19907
-1.07819 -1.49384 -1.28249
-1.16798 -1.42422 -1.27786
-1.24654 -1.37778 -1.30921
-1.15676 -1.38355 -1.36994
-1.21848 -1.40328 -1.43465
-1.25215 -1.39568 -1.31636
-0.994017 -1.27362 -1.07883
-0.864948 -1.21112 -0.977634
-0.97157 -1.12758 -1.0254
-1.09503 -1.06711 -1.09073
-1.02208 -1.04299 -1.0483
-0.904229 -0.957793 -0.948562
-0.864948 -0.86965 -0.923001
-0.814442 -0.844184 -0.819928
-0.70782 -0.806314 -0.641895
-0.281331 -0.697649 -0.450274
-0.236438 -0.529301 -0.357854
-0.135427 -0.574436 -0.344602
-0.713432 -0.570512 -0.508876
-0.584363 -0.630089 -0.679335
-0.690985 -0.689225 -0.678059
-0.331836 -0.493108 -0.544617
-0.298166 -0.565665 -0.465601
-0.421624 -0.626636 -0.541849
-0.60681 -0.555325 -0.63116
-0.522634 -0.46548 -0.660767
-0.646091 -0.495279 -0.758447
-0.870559 -0.521283 -0.875702
-0.797607 -0.490944 -0.87623
-0.567528 -0.456252 -0.647578
-0.37673 -0.347203 -0.36066
-0.208379 -0.218119 -0.327909
-0.545081 -0.529827 -0.515882
-0.612421 -0.741652 -0.649799
-0.483352 -0.667141 -0.563561
-0.460905 -0.500928 -0.410294
-0.242049 -0.362448 -0.377984
-0.404788 -0.386748 -0.4547
-0.545081 -0.390865 -0.576147
-0.634868 -0.442381 -0.563417
-0.264496 -0.280661 -0.396128
-0.0793101 -0.0956133 -0.256141
-0.124204 -0.139363 -0.217751
-0.30939 -0.186576 -0.195041
-0.163486 -0.0923774 -0.048563
0.122711 -0.0160759 0.090322
0.122711 0.139539 0.0207355
-0.135427 -0.0484923 -0.238292
-0.539469 -0.368781 -0.480374
-0.517022 -0.417814 -0.516572
-0.270108 -0.239261 -0.254612
0.0329238 0.0742223 -0.00446235
0.302285 0.298025 0.243921
0.31912 0.310632 0.260031
0.00486534 0.191356 0.17012
0.150769 0.28938 0.282238
0.223721 0.53596 0.359405
0.0385355 0.242075 0.251284
0.100264 0.224099 0.199352
0.296674 0.338345 0.302985
0.201275 0.348801 0.361187
0.234945 0.377639 0.352637
0.122711 0.269722 0.176836
0.0890408 0.063324 0.0440826
0.150769 0.032565 0.0194243
0.0553706 0.0526435 0.0156311
0.0890408 0.0923712 0.0459627
0.212498 0.185622 0.12357
0.302285 0.20916 0.159716
0.150769 0.200203 0.183076
0.167605 0.253144 0.278556
0.425743 0.532773 0.480713
0.902737 0.674596 0.698078
0.571647 0.658309 0.709042
0.728774 0.683872 0.763091
0.841008 0.753623 0.721532
0.526753 0.656397 0.514739
0.324732 0.506061 0.346733
0.296674 0.494376 0.403857
0.392072 0.754199 0.514707
0.498695 0.708337 0.527834
0.459413 0.675899 0.367835
0.566035 0.526816 0.411029
0.655822 0.630089 0.561437
0.622152 0.755346 0.698755
0.902737 0.877771 0.935759
1.39095 1.15954 1.20662
0.784891 1.1974 1.08357
0.521141 0.76562 0.806177
0.605317 0.622312 0.676292
0.622152 0.663396 0.673341
0.58287 0.656086 0.707737
0.667045 0.721006 0.720998
0.745609 0.794353 0.691772
0.863455 0.718179 0.651656
0.874678 0.663279 0.672042
0.925184 0.678906 0.78911
0.784891 0.838553 0.815564
0.661434 0.782984 0.808555
0.885902 0.902949 0.880229
0.958854 0.905785 0.950826
1.1721 0.951492 1.03863
1.30678 1.04743 1.03053
0.739998 0.881096 0.898541
0.835396 0.815218 0.837805
0.841008 0.876446 0.799446
0.622152 0.862405 0.671574
0.571647 0.795654 0.507972
0.745609 0.628999 0.548112
0.588482 0.697123 0.672313
0.857843 0.73161 0.771146
0.857843 0.779651 0.887823
1.07109 0.897114 0.971415
1.16087 1.00742 1.0123
1.20016 1.02053 0.997068
0.992524 0.93888 0.960669
0.953242 0.836964 0.937164
1.03742 0.885789 0.957974
1.1272 0.978237 1.06641
0.953242 1.12396 1.15124
0.919572 1.23762 1.13044
0.970077 1.257 1.1111
0.852231 1.25272 1.06414
0.779279 1.07881 1.00497
0.891513 0.999582 0.993094
1.02619 1.09484 1.0429
0.91396 1.11693 1.08389
1.13282 1.20023 1.11568
1.1272 1.242 1.05239
1.09353 1.24293 1.07497
1.00936 1.17896 1.10538
1.07109 1.13803 1.12649
1.09915 1.18971 1.14845
1.16649 1.27252 1.20554
1.11598 1.2717 1.23978
1.22822 1.32727 1.3194
1.34606 1.39803 1.41568
1.4134 1.40547 1.43927
1.34606 1.25768 1.40412
1.23383 1.26009 1.34324
1.26189 1.32725 1.32758
1.19454 1.26189 1.27928
1.15526 1.15808 1.20883
1.18893 1.13564 1.14755
0.975689 1.16065 1.00115
0.885902 0.991756 0.89114
0.863455 1.01019 0.887786
0.689492 1.08683 0.87743
0.706327 1.01181 0.834383
0.992524 0.988491 0.922684
1.05425 1.00892 1.01788
1.10476 1.00538 1.06328
1.23383 1.05159 1.138
1.25066 1.12268 1.23632
1.09915 1.16776 1.23718
1.14404 1.15539 1.20235
1.21138 1.1531 1.11486
1.02619 1.14372 1.027
1.05425 1.23406 1.04937
1.0767 1.28563 1.11882
1.21138 1.25711 1.18342
1.31239 1.30135 1.20511
1.31239 1.29243 1.22618
1.23383 1.27021 1.27855
1.28433 1.2334 1.35689
1.40218 1.27486 1.42149
1.45829 1.38093 1.45892
1.32923 1.41908 1.44798
1.4134 1.41308 1.46248
1.24505 1.39352 1.38438
1.14404 1.21898 1.21833
1.05986 1.13786 1.08415
0.9813 1.09779 0.998028
0.964465 1.02211 0.981577
1.20577 1.09521 1.03298
1.05986 1.13608 1.013
0.919572 1.11978 1.00199
0.964465 1.11316 1.06733
0.975689 1.22327 1.14645
0.925184 1.26741 1.07597
1.02619 1.23035 1.01857
0.94763 1.15667 1.02271
1.0767 1.12593 1.07147
1.02619 1.10349 1.08419
1.02619 1.11577 1.06159
0.925184 1.0649 1.01796
0.964465 1.05903 1.00445
0.992524 1.06045 1.01587
1.06548 1.05482 1.03632
1.10476 1.07513 1.08606
1.16087 1.0936 1.13731
1.09353 1.10172 1.15126
1.04864 1.05486 1.13746
0.9813 1.04145 1.10102
1.00936 1.02498 1.0879
1.09353 1.05404 1.1285
1.08792 1.06595 1.1365
0.919572 1.01533 1.06287
1.11037 0.998824 1.01967
1.04303 1.01778 0.982172
1.02058 0.927268 0.921434
0.88029 0.832873 0.813052
0.829785 0.79026 0.785232
0.711939 0.791802 0.777777
0.667045 0.755293 0.718448
0.58287 0.657422 0.641914
0.734386 0.620552 0.685396
0.818561 0.727071 0.725888
0.661434 0.711133 0.715748
0.717551 0.685506 0.721783
0.739998 0.670377 0.649037
0.571647 0.612238 0.51076
0.453801 0.522442 0.395313
0.470636 0.469928 0.425933
0.521141 0.490978 0.493445
0.386461 0.533137 0.36812
0.279838 0.349953 0.246696
0.240557 0.289229 0.255255
0.532365 0.381158 0.544828
0.88029 0.645029 0.761884
0.610929 0.72474 0.609296
0.274227 0.493451 0.336691
0.0890408 0.269344 0.203766
0.279838 0.4303 0.355174
0.622152 0.667768 0.537366
0.51553 0.539204 0.484789
0.436966 0.338777 0.412463
0.330344 0.334503 0.44916
0.493083 0.374467 0.468133
0.560423 0.377123 0.424173
0.397684 0.271327 0.33801
0.375237 0.268555 0.27962
0.268615 0.269368 0.233669
0.195663 0.21252 0.162056
0.167605 0.166997 0.177046
0.274227 0.204173 0.295783
0.302285 0.284249 0.377487
0.453801 0.388685 0.418937
0.291062 0.458383 0.448167
0.414519 0.468954 0.502648
0.65021 0.491804 0.482296
0.240557 0.293666 0.229918
-0.101757 -0.061205 -0.0261646
-0.14665 -0.17019 -0.111796
0.229333 -0.0441557 0.0557188
0.201275 0.0989937 0.169432
0.111488 0.064191 0.0494239
-0.062475 -0.196653 -0.170142
-0.354283 -0.333333 -0.370311
-0.399177 -0.396707 -0.45849
-0.382342 -0.387461 -0.344424
-0.303778 -0.223881 -0.11801
0.0385355 0.0147173 -0.0555936
-0.713432 -0.267157 -0.415954
-0.713432 -0.597308 -0.547814
-0.180321 -0.381412 -0.340124
-0.135427 -0.322438 -0.104515
-0.11298 -0.267646 -0.114064
-0.197156 -0.335744 -0.254804
-0.455294 -0.480707 -0.360646
-0.4104 -0.391889 -0.363361
-0.365507 -0.358146 -0.359639
-0.455294 -0.42791 -0.481529
-0.786384 -0.520483 -0.616599
-0.522634 -0.534659 -0.530106
-0.191544 -0.395182 -0.3091
-0.472129 -0.358019 -0.317488
-0.202767 -0.398389 -0.403442
-0.219603 -0.387211 -0.425149
-0.326225 -0.410792 -0.416812
-0.662927 -0.533452 -0.469626
-0.842501 -0.591454 -0.554284
-0.803219 -0.686427 -0.60926
-0.763937 -0.688481 -0.671689
-0.943511 -0.718274 -0.702307
-0.915453 -0.682575 -0.675636
-0.74149 -0.586246 -0.576632
-0.808831 -0.49267 -0.654174
-1.13992 -0.870883 -0.865576
-1.43173 -0.771634 -1.08797
-1.24093 -0.941772 -1.09752
-0.965958 -1.04452 -0.966235
-0.977182 -0.817842 -0.794668
-0.545081 -0.758548 -0.616644
-0.601198 -0.671007 -0.751686
-0.943511 -0.940023 -1.07645
-1.11186 -1.28302 -1.29339
-1.10064 -1.35153 -1.18601
-0.735879 -1.06347 -0.954254
-0.539469 -0.976925 -0.785142
-0.74149 -0.932183 -0.756462
-0.9379 -0.909659 -0.841436
-1.08942 -0.92447 -0.980673
-1.01646 -1.1146 -1.10223
-0.898618 -1.21425 -1.23057
-0.9379 -1.35249 -1.2231
-0.988405 -1.45385 -1.25775
-1.20726 -1.52647 -1.33701
-1.24093 -1.54769 -1.31536
-1.33072 -1.46779 -1.30742
-1.33072 -1.25822 -1.36764
-1.52713 -1.38095 -1.39197
-1.71793 -1.40218 -1.37229
-1.69548 -1.30808 -1.34538
-1.78527 -1.31723 -1.42316
-1.68426 -1.4322 -1.54735
-1.94239 -1.52509 -1.68422
-2.07707 -1.39678 -1.80729
-2.02657 -1.43239 -1.73013
-1.57202 -1.29307 -1.56216
-1.91433 -1.3554 -1.39505
-1.38684 -1.31522 -1.28185
-1.44295 -1.25347 -1.3808
-1.97606 -1.34081 -1.59087
-2.00412 -1.49567 -1.56655
-1.70109 -1.30533 -1.34566
-1.41489 -1.35782 -1.33984
-1.67303 -1.49652 -1.48467
-1.7516 -1.47666 -1.63654
-1.68987 -1.5338 -1.64814
-2.03779 -1.63186 -1.66738
-2.04902 -1.63191 -1.68789
-1.8975 -1.64574 -1.67449
-1.9929 -1.49248 -1.69155
-1.9929 -1.50073 -1.65225
-1.79088 -1.47267 -1.64925
-2.09952 -1.66104 -1.77735
-2.17808 -1.78811 -1.89471
-1.79088 -1.85998 -1.82455
-1.1287 -1.82558 -1.6047
-1.31388 -1.50859 -1.39872
-1.34194 -1.47035 -1.33089
-1.67303 -1.49755 -1.45469
-1.47101 -1.52074 -1.59674
-1.74598 -1.60767 -1.59463
-1.7516 -1.49065 -1.51976
-1.45979 -1.38556 -1.46117
-1.65059 -1.36312 -1.42744
-1.19604 -1.28077 -1.22664
-0.791996 -1.1855 -1.0905
-0.893006 -1.14612 -1.08953
-0.786384 -1.30441 -1.1275
-1.16237 -1.2763 -1.17248
-1.50468 -1.23847 -1.28627
-1.58324 -1.306 -1.3756
-1.34194 -1.33678 -1.3443
-1.20165 -1.25489 -1.30559
-1.43173 -1.36204 -1.30136
-1.53835 -1.40289 -1.32538
-1.63936 -1.38604 -1.39928
-1.48785 -1.58154 -1.43565
-1.28021 -1.6483 -1.49584
-1.18481 -1.61229 -1.48005
-1.05575 -1.57343 -1.41465
-1.2241 -1.52866 -1.3865
-1.52713 -1.41699 -1.36508
-1.55519 -1.29813 -1.26036
-1.48223 -1.16769 -1.19547
-1.49346 -1.20938 -1.33387
-1.39245 -1.46922 -1.51182
-1.65059 -1.53195 -1.60634
-1.6113 -1.44987 -1.56083
-1.52713 -1.40372 -1.43431
-1.31388 -1.31993 -1.36598
-1.45418 -1.31319 -1.39355
-1.41489 -1.32449 -1.39567
-1.48785 -1.30494 -1.30905
-1.49907 -1.27326 -1.21118
-1.13431 -1.16337 -1.23556
-1.12309 -1.32223 -1.30108
-1.0333 -1.41668 -1.32497
-1.18481 -1.41218 -1.32978
-1.09503 -1.39519 -1.21468
-0.77516 -1.23533 -1.02164
-0.646091 -1.02734 -0.876897
-0.595586 -0.924741 -0.820328
-0.752714 -0.920195 -0.99141
-0.954735 -1.12859 -1.12455
-1.01646 -1.11333 -1.23933
-1.29144 -1.20232 -1.26514
-1.01085 -1.27432 -1.20902
-0.921065 -1.20147 -1.12988
-1.05013 -1.16751 -0.970147
-0.825666 -0.942077 -0.821411
-0.853724 -0.782889 -0.768487
-0.685373 -0.819323 -0.813696
-0.859336 -0.951536 -0.888158
-0.999628 -0.83626 -0.905875
-0.77516 -0.668985 -0.86268
-0.791996 -0.707717 -0.773842
-0.64048 -0.604211 -0.644548
-0.286943 -0.404 -0.491791
-0.533857 -0.422013 -0.42858
-0.589974 -0.395547 -0.426297
-0.511411 -0.393361 -0.43858
-0.483352 -0.387228 -0.451388
-0.275719 -0.393829 -0.404866
-0.589974 -0.429096 -0.383558
-0.298166 -0.341037 -0.313568
-0.365507 -0.220793 -0.248158
-0.141039 -0.172928 -0.305785
-0.202767 -0.483955 -0.51756
-0.432847 -0.543929 -0.612568
-0.556304 -0.452292 -0.537491
-0.685373 -0.395478 -0.449357
-0.629256 -0.323868 -0.366103
-0.298166 -0.254473 -0.296277
-0.533857 -0.174491 -0.34845
-0.393565 -0.316814 -0.397902
-0.421624 -0.391675 -0.390723
-0.460905 -0.321987 -0.304407
-0.337448 -0.216072 -0.18296
-0.152262 -0.0951897 -0.0339808
0.296674 0.0780369 0.176967
0.369626 0.23936 0.368077
0.459413 0.351909 0.329427
-0.0793101 0.229344 -0.0689911
-0.348672 -0.209452 -0.334854
-0.298166 -0.187004 -0.31063
-0.174709 -0.0267122 -0.079689
0.111488 0.177071 0.186194
0.526753 0.362702 0.585329
0.88029 0.684539 0.729147
0.133934 0.588472 0.322197
-0.0793101 0.115712 0.0117027
-0.0512516 0.0245389 -0.0923473
0.0385355 0.0578098 -0.0146018
0.190051 0.11371 0.0696053
0.268615 0.183112 0.187118
0.369626 0.310288 0.288259
0.31912 0.373118 0.281555
0.229333 0.24408 0.281675
0.397684 0.322559 0.300414
0.150769 0.270295 0.184393
0.0834291 0.108913 0.0959986
0.212498 0.139121 0.127304
0.212498 0.161184 0.193531
0.31912 0.237333 0.271246
0.324732 0.344023 0.373225
0.414519 0.466379 0.488114
0.633375 0.648564 0.664837
0.751221 0.801243 0.792586
0.240557 0.692051 0.615548
0.279838 0.451851 0.395
0.263003 0.46769 0.330585
0.414519 0.530568 0.39634
0.330344 0.616545 0.427579
0.307897 0.587484 0.375971
0.504306 0.443177 0.426821
0.610929 0.511635 0.550369
0.65021 0.589952 0.607006
0.414519 0.650861 0.542919
0.560423 0.620717 0.51062
0.605317 0.638577 0.506832
0.58287 0.570487 0.536961
0.605317 0.601293 0.57569
0.605317 0.664238 0.600169
0.610929 0.746642 0.622886
0.65021 0.729239 0.681117
0.672657 0.733013 0.766141
0.633375 0.856505 0.741488
0.588482 0.720005 0.655091
0.638987 0.826125 0.720769
0.768056 0.967701 0.856547
0.964465 1.00987 1.01243
1.14404 1.08914 1.1659
1.02058 1.07003 1.1512
1.00936 1.02777 1.01167
0.841008 0.958238 0.78915
0.869067 0.752117 0.772614
0.936407 0.836662 0.891552
0.9813 1.00213 0.934549
0.521141 0.976319 0.747781
0.470636 0.741108 0.630707
0.605317 0.632237 0.646617
0.796115 0.693176 0.780861
0.824173 0.852621 0.958596
1.07109 1.09222 1.1563
1.22822 1.30455 1.35218
1.37973 1.33876 1.51149
1.49758 1.29701 1.51229
1.40779 1.31418 1.41664
1.1272 1.34203 1.31267
1.18893 1.2896 1.24398
0.986912 1.17015 1.13397
1.11598 1.17709 1.0928
1.12159 1.2183 1.12577
0.958854 1.19741 1.05946
0.953242 1.15743 1.12699
1.30117 1.30613 1.35688
1.24505 1.48265 1.41437
1.11037 1.42707 1.35661
1.26189 1.31384 1.38739
1.19454 1.31305 1.36165
1.04303 1.23688 1.22143
1.08792 1.11726 1.14113
0.986912 1.11972 1.05042
1.02058 1.01831 1.05429
1.08792 1.00825 1.14087
1.21699 1.09153 1.23692
1.22822 1.20847 1.2692
1.06548 1.1826 1.15653
0.998136 1.20944 1.08288
1.20577 1.19102 1.11534
1.30678 1.15269 1.18762
1.09915 1.18853 1.1949
1.18893 1.19351 1.14623
1.14404 1.15304 1.1282
1.20577 1.1702 1.13028
1.18893 1.22162 1.11846
1.15526 1.24387 1.10707
1.18893 1.15936 1.12971
1.28433 1.21876 1.16591
1.34606 1.24196 1.21919
1.32361 1.13086 1.22174
1.15526 1.18795 1.18409
1.13282 1.19538 1.17595
1.00936 1.18266 1.13134
1.04864 1.08066 1.16641
1.1721 1.16087 1.25586
1.36851 1.23191 1.3061
1.318 1.27013 1.29257
1.30678 1.26866 1.23798
1.318 1.29947 1.24131
1.25066 1.27173 1.23397
1.28994 1.28607 1.21525
1.23944 1.23258 1.25095
1.09915 1.29725 1.2553
1.00375 1.26729 1.16713
0.998136 1.14419 1.07285
0.958854 1.14212 0.973227
0.91396 1.08994 0.936881
1.09353 1.06523 0.9777
1.17771 1.06737 0.968381
1.13843 1.11711 0.970703
1.1272 1.11033 1.0212
1.14404 1.08138 1.08181
1.20577 1.07543 1.18634
1.28433 1.19565 1.26479
1.21699 1.26388 1.26431
1.23383 1.23731 1.21296
1.27311 1.13867 1.16857
1.16649 1.0589 1.13281
1.08231 1.14995 1.14322
1.17771 1.18157 1.14823
1.26189 1.1877 1.13036
1.08792 1.17889 1.09137
1.04864 1.19326 1.05196
1.02619 1.1833 1.03543
1.01497 1.17483 1.02678
1.00936 1.14839 1.02684
1.1272 1.15985 1.02631
0.9813 1.16963 1.02866
0.919572 1.17313 0.990558
0.902737 0.979301 1.00456
0.958854 1.05746 1.10487
1.1272 1.19227 1.12663
0.91396 1.02233 0.997358
0.958854 0.904092 0.88335
0.964465 0.84256 0.832947
0.902737 0.830062 0.87765
0.942019 0.87034 0.999169
1.12159 0.911598 1.04467
1.03742 0.93486 0.988994
0.919572 0.836791 0.959753
0.739998 0.775498 0.876065
0.728774 0.759057 0.833104
0.908348 0.810406 0.861771
0.942019 0.82411 0.86699
0.801726 0.773968 0.749691
0.768056 0.736781 0.668819
0.908348 0.739913 0.740559
0.869067 0.716798 0.826442
0.841008 0.78674 0.833191
0.908348 0.776953 0.822972
0.751221 0.777504 0.72582
0.801726 0.817085 0.638341
0.588482 0.708835 0.541643
0.425743 0.585194 0.446479
0.48186 0.563262 0.456583
0.504306 0.619621 0.520129
0.504306 0.737049 0.56414
0.594093 0.792904 0.631101
0.622152 0.673424 0.698071
0.599705 0.643082 0.743228
0.644599 0.735261 0.733138
0.672657 0.736426 0.684342
0.700716 0.581467 0.602634
0.543588 0.484423 0.564176
0.554812 0.468397 0.497011
0.313509 0.431876 0.378554
0.18444 0.321119 0.321027
0.229333 0.375554 0.406348
0.313509 0.541502 0.585359
0.5492 0.621367 0.577112
0.431354 0.445076 0.431005
0.206886 0.322695 0.281403
0.335955 0.168381 0.282185
0.268615 0.203278 0.280951
0.21811 0.2381 0.254844
0.21811 0.214586 0.2633
0.274227 0.196314 0.313611
0.347179 0.254755 0.331342
0.201275 0.307331 0.291827
0.358402 0.300899 0.235738
0.335955 0.144396 0.193895
0.173216 0.0572737 0.127094
0.0273121 0.0426295 0.103901
0.145158 0.173315 0.21103
0.122711 0.269659 0.23536
0.195663 0.201629 0.0947096
-0.152262 -0.00904583 -0.0324163
0.0722057 -0.0121151 0.0248717
0.139546 0.0577025 0.154105
0.0273121 0.0900225 0.163787
0.307897 0.168371 0.214388
0.246168 0.175475 0.155445
-0.0568633 0.00173546 0.038766
0.279838 0.0329417 0.0480177
0.122711 0.0948378 0.0023098
-0.191544 -0.108279 -0.0826693
-0.0288048 -0.15754 -0.108405
-0.169097 -0.232116 -0.0850275
-0.0680867 -0.21734 -0.0317361
0.139546 -0.116451 0.0838622
0.0441472 -0.0267199 0.130618
0.010477 0.0366899 -0.148474
-0.702208 -0.439875 -0.516451
-0.713432 -0.536289 -0.748481
-0.690985 -0.606332 -0.82391
-0.831277 -0.756137 -0.919836
-0.887394 -0.799067 -1.00225
-0.842501 -0.829914 -0.966006
-0.797607 -0.773062 -0.851365
-0.713432 -0.695615 -0.697225
-0.488964 -0.502499 -0.613876
-0.561916 -0.632697 -0.706732
-0.876171 -0.730119 -0.940206
-0.814442 -0.822267 -0.972636
-0.954735 -0.772223 -0.821824
-0.522634 -0.499319 -0.612286
-0.77516 -0.447905 -0.818963
-1.02769 -0.92189 -1.13521
-1.21287 -0.953739 -1.18429
-1.04452 -0.715554 -1.07662
-0.932288 -0.868573 -1.10814
-1.16798 -1.23395 -1.28477
-1.40928 -1.20659 -1.40196
-1.45418 -1.23134 -1.32579
-1.43734 -0.956744 -1.19719
-1.12309 -0.814909 -1.13824
-1.28582 -1.10652 -1.33463
-1.24093 -1.44054 -1.50403
-1.48223 -1.34642 -1.63798
-1.7516 -1.26673 -1.71552
-1.76282 -1.39526 -1.68987
-1.5608 -1.52078 -1.58494
-1.31949 -1.50319 -1.37523
-1.33072 -1.23862 -1.24656
-1.34194 -1.12027 -1.34044
-1.31388 -1.30203 -1.5614
-1.79649 -1.52127 -1.77251
-2.0883 -1.45853 -1.99441
-2.12197 -1.63562 -2.02808
-2.07146 -1.62609 -1.95868
-1.88066 -1.51941 -1.85223
-1.48223 -1.52618 -1.75077
-1.37561 -1.82615 -1.68376
-1.33633 -1.78252 -1.53836
-1.43173 -1.5381 -1.35416
-1.24093 -1.27667 -1.20842
-1.39806 -1.16236 -1.20247
-1.79649 -1.40378 -1.43118
-1.8021 -1.54083 -1.54892
-1.49907 -1.63042 -1.58361
-1.88066 -1.73709 -1.75199
-1.73476 -1.89738 -1.80721
-2.10513 -1.79013 -1.8027
-1.7067 -1.67669 -1.51578
-1.4654 -1.20039 -1.41309
-1.8021 -1.43686 -1.6115
-1.86383 -1.70962 -1.77063
-1.8021 -1.70425 -1.84028
-1.80771 -1.61539 -1.78313
-1.68987 -1.48447 -1.69601
-1.54396 -1.49846 -1.54202
-1.5608 -1.40754 -1.41127
-1.47101 -1.38051 -1.39425
-1.32511 -1.26912 -1.32369
-1.01085 -1.16159 -1.19816
-0.97157 -1.30434 -1.25074
-1.35317 -1.50884 -1.50384
-1.80771 -1.658 -1.68205
-1.77965 -1.66358 -1.85328
-1.89189 -1.68812 -1.86172
-1.65059 -1.51323 -1.67714
-1.43173 -1.5579 -1.57253
-1.97606 -1.57331 -1.71196
-1.95362 -1.4966 -1.75263
-1.43173 -1.41042 -1.70395
-1.48223 -1.72369 -1.82495
-1.72354 -1.93376 -1.94367
-1.30266 -1.78798 -1.73888
-1.24093 -1.6905 -1.54875
-1.08942 -1.67025 -1.46627
-1.14553 -1.67837 -1.42747
-0.893006 -1.66835 -1.29884
-0.977182 -1.54808 -1.19022
-1.01646 -1.46036 -1.20174
-1.15114 -1.57393 -1.19589
-1.29144 -1.4468 -1.18548
-1.28021 -1.25234 -1.27805
-1.25215 -1.38608 -1.42963
-1.8975 -1.34676 -1.67354
-1.97606 -1.39978 -1.7696
-1.83577 -1.41841 -1.7257
-1.84138 -1.32531 -1.63486
-1.58324 -1.492 -1.61602
-1.57763 -1.59098 -1.71104
-1.71231 -1.65566 -1.69322
-1.60569 -1.50803 -1.42124
-1.00524 -1.00311 -1.16297
-1.1287 -0.811179 -1.10001
-1.33072 -0.863553 -1.18415
-1.1287 -1.17287 -1.3228
-1.34755 -1.44629 -1.46931
-1.72354 -1.30453 -1.64158
-1.81332 -1.45328 -1.66224
-1.74598 -1.18906 -1.5906
-1.39245 -1.0709 -1.46354
-1.50468 -1.07902 -1.38743
-1.57763 -1.15625 -1.49849
-1.53835 -1.31675 -1.61773
-1.33072 -1.30158 -1.59408
-1.13431 -1.41703 -1.49209
-1.34194 -1.64751 -1.55593
-1.5608 -1.65421 -1.57237
-1.48223 -1.45559 -1.3985
-1.13992 -1.0202 -1.25551
-0.848112 -0.780738 -0.961673
-0.893006 -0.693476 -0.91604
-0.326225 -0.288807 -0.639049
-0.679762 -0.467678 -0.943672
