0.773668 0.710606 0.777432
0.841008 0.759872 0.749602
0.784891 0.825913 0.744213
0.897125 0.84712 0.722619
0.869067 0.850328 0.803034
0.784891 0.796076 0.785706
0.599705 0.732155 0.705046
0.667045 0.807292 0.726308
0.711939 0.904172 0.757482
0.711939 1.00363 0.813967
0.885902 1.0256 0.873616
0.88029 0.991266 0.817742
0.420131 0.814086 0.673682
0.420131 0.80953 0.565387
0.487471 0.623913 0.604851
0.560423 0.548961 0.604276
0.453801 0.452338 0.46821
0.358402 0.452342 0.401102
0.28545 0.475254 0.400942
0.358402 0.367326 0.439522
0.504306 0.430616 0.527034
0.509918 0.565279 0.582158
0.31912 0.499338 0.39988
0.066594 0.209495 0.212343
0.100264 0.282837 0.229972
0.526753 0.497055 0.388797
0.386461 0.495934 0.432944
0.414519 0.3979 0.466981
0.751221 0.433426 0.565887
0.857843 0.453101 0.543603
0.358402 0.455049 0.379803
0.0273121 0.438565 0.269969
0.246168 0.302056 0.293746
0.487471 0.243394 0.399224
0.521141 0.378414 0.350554
0.100264 0.0767457 0.116359
-0.141039 -0.0674476 -0.0806287
-0.0961452 -0.0627674 -0.104182
-0.0849218 -0.110816 0.000209051
-0.0175814 0.130188 -0.0596742
-0.326225 -0.235576 -0.226368
-0.337448 -0.276386 -0.262703
-0.0288048 -0.0660927 -0.117073
0.0160887 0.180415 0.0678867
0.240557 0.114672 0.101575
-0.14665 -0.187725 -0.0856027
-0.371118 -0.351715 -0.228395
-0.197156 -0.37739 -0.201356
-0.0793101 -0.236878 -0.149195
-0.275719 -0.228991 -0.15019
-0.331836 -0.111198 -0.186763
-0.208379 -0.0732146 -0.137735
-0.0512516 -0.0511321 -0.100555
0.0329238 -0.135401 -0.0605648
0.167605 -0.292436 -0.0807707
0.0834291 -0.305006 -0.155352
-0.169097 -0.227118 -0.279504
-0.129815 -0.293005 -0.323948
-0.202767 -0.357235 -0.350135
-0.169097 -0.343207 -0.442886
-0.584363 -0.604373 -0.585414
-0.657315 -0.734965 -0.661376
-0.67415 -0.675341 -0.603642
-0.634868 -0.496458 -0.552181
-0.612421 -0.571599 -0.60394
-0.898618 -0.63166 -0.677876
-0.965958 -0.644111 -0.690081
-0.870559 -0.520655 -0.627026
-0.915453 -0.447249 -0.596975
-0.836889 -0.461911 -0.560738
-0.77516 -0.451239 -0.511444
-0.758325 -0.46852 -0.526797
-0.662927 -0.599195 -0.542982
-0.60681 -0.521063 -0.657369
-0.651703 -0.74719 -0.850161
-1.22971 -1.33265 -1.17938
-1.37561 -1.37215 -1.46911
-1.61691 -1.3256 -1.52826
-1.78527 -1.26149 -1.52093
-1.79088 -1.35498 -1.49764
-1.5608 -1.21638 -1.48755
-1.61691 -1.32082 -1.29508
-1.24093 -1.07997 -1.0948
-1.19043 -0.967328 -1.10003
-1.56641 -1.04854 -1.21946
-1.43734 -0.931993 -1.42101
-1.51029 -1.36554 -1.51108
-1.65059 -1.3673 -1.56913
-1.93678 -1.41296 -1.54527
-1.75721 -1.352 -1.37891
-1.19604 -1.15456 -1.18832
-1.23532 -0.981644 -1.11156
-1.06697 -0.808886 -1.04407
-1.11747 -1.00114 -1.07439
-1.39806 -1.11808 -1.21155
-1.25777 -1.13549 -1.3128
-1.40928 -1.21021 -1.2582
-1.49907 -1.31708 -1.32138
-1.67864 -1.33479 -1.48391
-1.64497 -1.43399 -1.53372
-1.00524 -1.49052 -1.41535
-0.977182 -1.42207 -1.31098
-1.39806 -1.41646 -1.40204
-1.70109 -1.52511 -1.53995
-1.75721 -1.52899 -1.65721
-1.88628 -1.51135 -1.76649
-1.89189 -1.62153 -1.77326
-1.78527 -1.69836 -1.79895
-1.87505 -1.75699 -1.86295
-1.94239 -1.81342 -1.84785
-1.90311 -1.859 -1.78674
-1.72354 -1.80456 -1.70252
-1.43173 -1.85193 -1.63605
-1.42051 -1.84009 -1.63798
-1.67864 -1.81024 -1.6689
-1.90311 -1.78955 -1.64317
-1.76843 -1.5458 -1.61262
-1.71231 -1.51222 -1.65681
-1.60569 -1.78636 -1.66437
-2.00973 -1.76475 -1.75252
-2.06024 -1.75168 -1.80509
-2.01535 -1.55304 -1.82199
-1.76843 -1.70314 -1.85609
-1.86944 -1.96469 -1.94767
-2.08269 -2.041 -2.01442
-1.93117 -1.99371 -1.88723
-1.98168 -1.79484 -1.77403
-1.8975 -1.61365 -1.73719
-1.93678 -1.65186 -1.72779
-1.85261 -1.57856 -1.70164
-1.79649 -1.66538 -1.72698
-1.948 -1.72611 -1.78506
-1.85822 -1.69711 -1.65669
-1.83016 -1.42183 -1.52029
-1.5159 -1.20367 -1.38724
-1.34755 -1.37343 -1.33364
-1.61691 -1.48618 -1.3024
-1.63936 -1.29671 -1.25167
-1.38684 -0.99734 -1.17299
-1.14553 -1.19057 -1.21745
-1.34755 -1.40453 -1.30066
-1.71231 -1.37216 -1.39724
-1.61691 -1.20912 -1.35841
-1.07258 -1.33828 -1.30993
-1.00524 -1.53224 -1.23202
-0.853724 -1.41631 -1.04678
-0.758325 -1.31026 -1.0407
-0.960346 -1.34398 -1.21692
-1.28021 -1.3629 -1.35883
-1.21287 -1.32791 -1.31193
-1.2746 -1.36129 -1.29381
-1.35878 -1.30564 -1.31915
-1.42051 -1.24341 -1.33725
-1.24654 -1.21455 -1.32712
-1.20165 -1.43902 -1.38704
-1.39806 -1.51082 -1.47779
-1.39806 -1.4698 -1.5454
-1.51029 -1.47388 -1.39502
-1.21848 -1.30052 -1.33822
-1.09503 -1.46392 -1.37044
-1.26338 -1.5073 -1.4534
-1.2746 -1.4469 -1.34724
-1.10064 -1.28535 -1.15046
-1.19043 -1.12883 -1.0824
-1.16798 -0.935508 -1.09484
-1.06136 -0.88354 -1.08574
-1.17359 -1.08788 -1.05116
-1.13992 -1.06158 -1.02272
-1.03891 -0.969059 -1.06825
-1.10625 -0.971144 -1.15152
-1.15114 -1.04406 -1.13596
-1.07819 -0.945606 -1.05076
-0.893006 -0.771031 -0.952308
-0.803219 -0.656229 -0.762832
-0.500187 -0.47617 -0.624414
-0.786384 -0.807111 -0.724978
-0.803219 -0.90362 -0.778291
-0.618033 -0.783679 -0.68431
-0.735879 -0.706956 -0.637357
-0.60681 -0.807092 -0.778436
-0.859336 -0.992047 -0.952429
-0.831277 -1.02225 -0.978228
-0.921065 -0.874244 -0.852139
-0.690985 -0.682865 -0.689534
-0.612421 -0.560027 -0.596316
-0.685373 -0.537345 -0.596758
-0.662927 -0.525607 -0.574476
-0.533857 -0.445137 -0.430355
-0.354283 -0.240959 -0.2529
-0.230826 -0.117991 -0.142979
-0.247661 -0.130038 -0.191866
-0.247661 -0.273097 -0.27189
-0.185932 -0.347609 -0.334896
-0.387953 -0.381438 -0.383607
-0.197156 -0.313093 -0.378232
-0.399177 -0.386189 -0.445251
-0.623645 -0.393679 -0.554128
-0.702208 -0.608747 -0.635293
-0.612421 -0.605829 -0.630118
-0.595586 -0.480113 -0.582177
-0.286943 -0.357774 -0.45453
-0.320613 -0.225832 -0.330055
-0.292555 -0.196272 -0.231487
-0.0400282 -0.0853982 -0.188036
0.010477 -0.0363155 -0.109693
0.0722057 -0.0316157 0.00475884
-0.0175814 0.221926 0.0137162
-0.0400282 0.219369 -0.061839
-0.292555 -0.028176 -0.227553
-0.399177 -0.251198 -0.381253
-0.393565 -0.318516 -0.400885
-0.427235 -0.265817 -0.348105
-0.247661 -0.282312 -0.212369
-0.0905335 -0.100647 0.0288834
0.105876 0.338491 0.24262
0.223721 0.498727 0.334426
0.229333 0.264893 0.194643
0.0441472 0.0879513 0.00865063
-0.0119697 -0.00381437 -0.0423223
0.0217004 0.11386 0.00344754
0.0553706 0.178892 0.0737133
0.122711 0.159454 0.23885
0.352791 0.438093 0.407168
0.521141 0.674294 0.50751
0.352791 0.569742 0.384367
0.234945 0.272648 0.315335
0.448189 0.309711 0.383824
0.364014 0.294798 0.378156
0.521141 0.37159 0.511756
0.841008 0.623985 0.629009
0.448189 0.629203 0.46618
0.167605 0.479395 0.332195
0.263003 0.577748 0.348706
0.190051 0.551103 0.380062
0.375237 0.49923 0.317943
0.111488 0.412026 0.165815
0.257392 0.321546 0.1608
0.28545 0.282676 0.242396
0.425743 0.41654 0.363657
0.470636 0.537611 0.489213
0.5492 0.692269 0.521329
0.532365 0.645281 0.503025
0.48186 0.664502 0.495039
0.526753 0.570697 0.507875
0.554812 0.514569 0.560708
0.442578 0.598456 0.564711
0.560423 0.668993 0.520288
0.448189 0.681067 0.509415
0.487471 0.662992 0.554965
0.588482 0.547698 0.554307
0.661434 0.511048 0.609995
0.706327 0.643281 0.675584
0.824173 0.607867 0.699175
0.711939 0.568243 0.64842
0.779279 0.532368 0.628346
0.885902 0.690067 0.808234
1.07109 0.982046 0.946977
0.65021 0.937136 0.79655
0.5492 0.822309 0.749109
0.986912 0.935832 0.877418
0.9813 1.00341 0.883932
0.818561 0.748093 0.828705
0.902737 0.806203 0.813953
0.9813 0.847556 0.853573
0.936407 0.954862 0.98883
1.08231 1.1195 1.20897
1.39657 1.30218 1.31038
0.84662 1.31212 1.10535
0.773668 1.22358 0.947471
0.9813 0.97794 0.939136
1.05425 0.992145 0.943069
0.919572 0.994268 0.931925
0.768056 1.0778 0.895123
0.953242 1.03018 0.971559
0.930795 1.16289 1.10561
0.925184 1.1223 1.05213
0.835396 0.928298 0.906818
0.885902 0.83731 0.872611
0.975689 0.896696 0.993178
1.06548 1.03114 1.09364
1.14965 1.14797 1.13329
1.06548 0.991322 1.18258
1.00375 1.11825 1.18284
0.942019 1.24611 1.05577
0.925184 1.15786 0.997011
0.975689 1.0595 0.998066
0.84662 1.14443 1.02111
0.852231 1.22402 1.00254
0.762444 1.13489 0.938383
0.784891 1.13704 0.977854
0.953242 1.15759 1.06355
1.09353 1.25605 1.16012
1.08231 1.34903 1.183
1.0767 1.25427 1.17775
1.15526 1.19635 1.20326
1.11037 1.22222 1.1869
1.0767 1.24516 1.10782
1.13843 1.21773 1.06677
0.9813 1.2365 1.06506
0.953242 1.27394 1.05499
1.04303 1.20039 1.03418
0.9813 1.13043 1.04587
1.07109 1.09303 1.15794
1.31239 1.27337 1.37145
1.32361 1.43291 1.51252
0.891513 1.44179 1.34042
0.975689 1.35993 1.20741
1.15526 1.29778 1.27856
1.21138 1.25534 1.25946
1.04864 1.22669 1.17555
0.986912 1.20856 1.11138
1.08792 1.32878 1.14251
1.00375 1.40521 1.21704
1.09915 1.44437 1.29556
1.24505 1.36902 1.29956
1.23383 1.21054 1.26264
1.29556 1.19509 1.24106
1.32923 1.27362 1.27174
1.24505 1.32282 1.23927
1.16087 1.20011 1.19265
1.20016 1.21748 1.20004
1.27311 1.23486 1.24153
1.21699 1.26085 1.24021
1.1721 1.23659 1.23569
1.21138 1.25356 1.28371
1.32361 1.29388 1.35037
1.37973 1.3637 1.36457
1.21138 1.39985 1.32588
1.23383 1.35924 1.31034
1.35728 1.34409 1.35093
1.37412 1.29724 1.35256
1.17771 1.25128 1.3277
1.30678 1.22751 1.28402
1.20016 1.22901 1.22119
1.20016 1.19737 1.19595
1.16649 1.24036 1.15326
1.19454 1.17412 1.18721
1.2226 1.19792 1.2074
1.19454 1.2107 1.20017
1.19454 1.22104 1.19176
1.11037 1.16985 1.16793
1.03742 1.14798 1.12657
1.02619 1.15387 1.1088
1.10476 1.21855 1.16582
1.25066 1.21954 1.20674
1.1272 1.19853 1.15449
0.975689 1.09364 1.05242
0.958854 0.99106 0.979262
1.14404 1.01875 1.00185
1.05425 1.0494 1.03095
0.986912 1.05993 0.960994
0.784891 0.948485 0.83369
0.863455 0.92606 0.842411
0.857843 0.938415 0.888231
0.841008 0.957754 0.866785
0.857843 0.952776 0.879628
0.908348 1.07757 0.921521
0.9813 1.06715 0.955006
0.84662 0.978771 0.905345
0.852231 0.973964 0.827078
0.678269 0.917178 0.782705
0.796115 0.807284 0.782101
1.00375 0.779901 0.846666
0.925184 0.90505 0.910177
0.745609 0.929821 0.875166
0.633375 0.814923 0.765472
0.695104 0.746516 0.737999
0.739998 0.835484 0.780844
0.683881 0.956732 0.818476
0.885902 0.911938 0.752697
0.5492 0.809547 0.612951
0.498695 0.669812 0.49692
0.459413 0.585062 0.444441
0.566035 0.535458 0.532088
0.633375 0.583308 0.690765
0.762444 0.72758 0.835341
0.756833 0.859263 0.961482
0.857843 0.91949 1.00129
0.779279 0.899365 0.969001
1.07109 0.828598 0.944147
0.874678 0.787804 0.863775
0.773668 0.833399 0.81857
0.801726 0.818224 0.865773
0.745609 0.867151 0.855388
0.717551 0.859638 0.752799
0.51553 0.56621 0.576828
0.341567 0.400101 0.425922
0.487471 0.426371 0.464488
0.532365 0.489248 0.587966
0.695104 0.492611 0.62546
0.509918 0.478797 0.59291
0.633375 0.572577 0.516071
0.706327 0.430001 0.443176
0.5492 0.355094 0.434586
0.470636 0.414528 0.445718
0.476248 0.37621 0.442126
0.436966 0.278978 0.457609
0.638987 0.26311 0.394155
0.392072 0.123168 0.208261
-0.0849218 -0.0692854 0.0325328
0.0273121 0.0310846 0.0572916
0.229333 0.13501 0.248821
0.0609823 0.268 0.254963
-0.0119697 0.211139 0.140661
-0.0175814 0.0644374 0.0112014
-0.0400282 -0.101251 -0.131562
-0.197156 -0.36546 -0.25505
-0.191544 -0.324064 -0.282888
-0.174709 -0.187774 -0.278785
-0.236438 -0.177509 -0.311119
-0.326225 -0.339538 -0.303769
-0.303778 -0.229012 -0.215594
-0.14665 -0.073939 -0.091127
0.128323 0.00927619 0.0300666
0.128323 -0.0661491 0.00115751
-0.281331 -0.349914 -0.187056
-0.337448 -0.438604 -0.343447
-0.44407 -0.416829 -0.381899
-0.517022 -0.419053 -0.371202
-0.421624 -0.399319 -0.305195
-0.432847 -0.354249 -0.296711
-0.477741 -0.338495 -0.292808
-0.455294 -0.303044 -0.17327
-0.118592 -0.124421 0.00656112
-0.11298 0.0231368 0.0513703
-0.00635805 -0.117672 -0.176364
-0.735879 -0.535104 -0.600941
-0.881783 -0.92262 -0.858057
-0.702208 -0.883018 -0.877898
-0.60681 -0.798512 -0.727975
-0.522634 -0.702898 -0.584999
-0.533857 -0.619627 -0.458037
-0.281331 -0.35169 -0.350294
-0.432847 -0.349638 -0.235872
-0.0905335 -0.0784911 -0.190173
-0.44407 -0.332637 -0.414744
-0.921065 -0.732565 -0.676821
-0.954735 -0.795787 -0.717978
-0.539469 -0.640677 -0.614568
-0.808831 -0.754466 -0.740772
-1.02208 -0.919614 -0.830167
-1.0838 -0.891403 -0.750837
-0.556304 -0.671089 -0.573302
-0.601198 -0.552494 -0.378424
-0.595586 -0.280126 -0.27469
-0.618033 -0.410518 -0.427618
-0.814442 -0.626088 -0.665897
-1.12309 -0.827262 -0.707014
-0.893006 -0.72088 -0.714783
-0.814442 -0.859872 -0.762547
-0.752714 -1.01148 -0.794907
-0.999628 -0.939761 -0.798665
-0.780772 -0.907934 -0.939673
-1.09503 -1.15412 -1.1303
-1.26338 -1.2139 -1.16356
-0.921065 -1.05528 -1.04378
-1.11747 -1.01912 -0.945778
-0.719043 -0.914593 -0.846338
-1.14553 -0.887773 -0.957736
-1.33633 -0.942169 -1.09145
-0.949123 -1.08449 -1.20727
-1.15114 -1.48342 -1.31329
-1.15676 -1.46234 -1.3829
-1.21287 -1.27305 -1.30017
-1.48223 -1.16913 -1.16161
-1.26338 -0.968791 -1.00085
-0.842501 -1.02971 -0.957672
-1.08942 -1.41898 -1.08052
-1.28582 -1.46385 -1.20368
-1.03891 -1.47406 -1.23609
-0.842501 -1.44547 -1.19321
-0.561916 -1.43758 -1.24814
-1.24654 -1.46781 -1.26787
-0.808831 -1.41492 -1.05698
-0.949123 -1.24189 -0.988855
-1.00524 -1.25202 -1.12445
-1.13431 -1.27768 -1.22855
-1.28021 -1.40022 -1.36699
-1.65059 -1.57261 -1.48364
-1.69548 -1.63416 -1.58569
-1.90311 -1.65385 -1.61955
-1.72915 -1.56441 -1.57832
-1.73476 -1.4136 -1.58478
-1.85822 -1.52319 -1.5992
-1.97606 -1.69055 -1.52583
-1.77965 -1.40908 -1.36042
-1.56641 -1.14054 -1.26903
-1.47662 -1.19245 -1.22307
-1.43734 -1.28076 -1.25004
-1.52713 -1.27132 -1.29192
-1.36439 -1.12745 -1.29844
-1.5608 -1.20035 -1.28382
-1.0333 -1.35213 -1.26167
-1.11186 -1.47658 -1.27566
-1.39806 -1.45574 -1.24592
-1.42051 -1.35985 -1.17939
-1.17359 -1.36082 -1.19576
-1.53835 -1.46517 -1.3339
-1.38684 -1.49779 -1.28379
-1.21848 -1.45771 -1.19146
-1.2241 -1.50543 -1.15831
-1.00524 -1.39491 -1.09981
-0.758325 -1.39648 -1.01307
-0.825666 -1.38386 -1.02926
-0.887394 -1.43799 -1.10691
-0.803219 -1.46278 -1.07156
-0.735879 -1.36559 -1.02331
-0.825666 -1.33099 -1.02874
-0.921065 -1.34769 -1.0997
-1.10064 -1.38428 -1.18959
-1.44856 -1.41321 -1.21934
-1.34755 -1.35464 -1.15216
-1.36439 -1.25963 -1.10082
-1.45979 -1.21344 -1.15641
-1.44856 -1.13181 -1.19645
-1.34755 -1.14478 -1.13456
-1.31388 -1.03504 -1.04439
-1.11186 -0.943967 -0.878316
-0.213991 -0.754458 -0.647069
-0.646091 -0.803794 -0.78929
-1.36439 -1.0007 -1.11442
-1.16798 -1.18211 -1.31548
-1.24654 -1.49531 -1.386
-1.54396 -1.33699 -1.38583
-1.22971 -1.30632 -1.21951
-0.74149 -1.13745 -1.02061
-0.60681 -1.00788 -0.910482
-1.14553 -0.973632 -1.02711
-1.21287 -1.07395 -1.12324
-1.16798 -1.07619 -1.11579
-1.20726 -0.93507 -1.14215
-1.06697 -1.03295 -1.09948
-1.12309 -1.04669 -1.16589
-1.04452 -1.13654 -1.20303
-0.881783 -1.16859 -1.159
-0.831277 -1.12472 -1.09334
-1.16237 -1.11785 -1.08376
-1.11186 -1.04401 -1.08352
-1.07258 -0.984492 -1.00807
-0.657315 -0.894462 -0.845284
-0.747102 -0.72714 -0.663469
-0.589974 -0.576729 -0.585628
-0.702208 -0.591394 -0.705645
-1.07258 -0.646895 -0.927829
-0.870559 -0.822943 -1.01861
-0.842501 -0.854563 -1.03062
-1.08942 -0.683201 -1.01672
-1.01646 -0.748838 -0.94875
-0.780772 -0.880108 -0.893901
-1.12309 -0.843013 -0.999611
-1.09503 -0.855318 -1.02871
-0.97157 -0.728268 -0.91375
-0.623645 -0.640114 -0.852685
-0.522634 -0.819736 -0.812153
-0.298166 -0.733013 -0.704719
-0.432847 -0.626454 -0.644045
-0.460905 -0.615302 -0.596739
-0.286943 -0.551827 -0.549019
-0.511411 -0.486831 -0.543617
-0.494576 -0.433369 -0.563816
-0.432847 -0.495735 -0.578835
-0.601198 -0.527984 -0.563952
-0.416012 -0.510481 -0.585993
-0.533857 -0.575817 -0.624364
-0.460905 -0.506114 -0.602974
-0.303778 -0.414647 -0.555965
-0.466517 -0.417257 -0.500869
-0.393565 -0.335046 -0.291817
0.0609823 0.0249173 -0.0679389
-0.00635805 0.165309 -0.0336638
-0.14665 -0.170333 -0.18833
-0.236438 -0.387554 -0.353182
-0.270108 -0.452617 -0.358058
-0.230826 -0.360206 -0.268564
-0.157874 -0.123705 -0.141528
-0.124204 0.0516383 -0.074532
-0.0344165 0.0885987 -0.0534767
0.0329238 -0.0141754 -0.0379599
0.0722057 0.0296675 -0.00296467
0.167605 0.042342 0.0782295
0.21811 0.0812015 0.12663
0.133934 0.149713 0.123862
0.18444 0.151055 0.170254
0.397684 0.256536 0.318024
0.397684 0.476582 0.389432
0.392072 0.24235 0.26643
-0.0793101 -0.0735593 0.0710718
-0.0119697 0.11695 0.0696824
0.274227 0.358507 0.209329
0.414519 0.394531 0.408539
0.465024 0.556449 0.458718
0.257392 0.218683 0.36336
0.493083 0.284766 0.431875
0.667045 0.475929 0.638671
1.03742 0.611549 0.801774
0.487471 0.532559 0.633491
0.139546 0.307907 0.374342
0.386461 0.389224 0.347094
0.442578 0.536017 0.424748
0.414519 0.59053 0.431308
0.622152 0.510312 0.433071
0.605317 0.466791 0.421229
0.453801 0.449732 0.358646
0.476248 0.422399 0.351771
0.470636 0.449095 0.375734
0.504306 0.46472 0.429855
0.610929 0.526848 0.491214
0.594093 0.45637 0.493184
0.700716 0.373078 0.508511
0.627764 0.490782 0.490337
0.655822 0.57036 0.482294
0.667045 0.594209 0.535239
0.756833 0.731282 0.691383
1.02619 0.810845 0.74338
0.953242 0.683986 0.760966
1.02619 0.731995 0.882563
1.1721 0.847076 1.06532
1.16649 1.07774 1.15167
0.897125 1.15155 0.975217
0.498695 0.849931 0.708813
0.532365 0.813303 0.614254
0.65021 0.869452 0.639594
0.65021 0.855465 0.74335
0.509918 1.00572 0.815715
0.622152 0.932091 0.747795
0.588482 0.74535 0.739164
0.723162 0.811861 0.775805
0.835396 0.821241 0.755773
0.841008 0.789301 0.832717
0.91396 0.863023 0.977909
1.02619 1.07776 1.07391
1.09915 1.13375 1.05875
1.02058 1.07352 1.03594
0.897125 1.05592 0.953493
1.10476 0.861776 0.932714
1.04864 0.769986 0.895295
0.998136 0.886103 0.919399
1.18893 1.00234 1.02655
1.2226 1.05256 1.12975
1.38534 1.15007 1.223
1.13843 1.25227 1.26898
0.992524 1.31233 1.091
0.902737 1.11149 0.859347
0.897125 0.868728 0.856163
0.94763 0.978975 1.01479
1.04864 1.08748 1.09732
0.908348 1.09443 1.01919
1.00375 0.981365 0.970768
1.06548 1.03492 1.05018
1.27311 1.13587 1.18469
1.32361 1.16427 1.27078
1.35728 1.11209 1.28568
1.37412 1.14142 1.26842
1.35728 1.18843 1.27801
1.37412 1.15801 1.25143
1.16087 1.1565 1.15345
1.14404 1.04516 1.10386
1.29556 1.10529 1.19521
1.32923 1.26567 1.32976
1.318 1.35198 1.32936
1.09353 1.28038 1.1837
1.09915 1.18172 1.11602
1.18332 1.28627 1.19313
1.2226 1.36938 1.29385
1.34045 1.35879 1.29926
1.35167 1.27417 1.28226
1.18893 1.16105 1.24402
1.20577 1.13212 1.1405
1.06548 1.13714 1.10029
1.14965 1.17319 1.13005
1.14404 1.12386 1.18559
1.318 1.21992 1.32316
1.43024 1.31102 1.4468
1.56492 1.36462 1.46448
1.39095 1.35577 1.38444
1.28994 1.30973 1.344
1.28433 1.35977 1.32027
1.32361 1.27979 1.297
1.28994 1.25383 1.21527
1.16649 1.20062 1.1761
1.24505 1.22234 1.21122
1.29556 1.24433 1.24995
1.27311 1.24763 1.25106
1.2675 1.24956 1.25708
1.31239 1.30249 1.29469
1.318 1.29449 1.32553
1.25627 1.35329 1.3221
1.29556 1.34979 1.33369
1.14404 1.33845 1.2564
0.975689 1.29426 1.11715
0.975689 1.21947 1.04763
0.998136 1.19201 1.08137
1.03181 1.27021 1.09719
1.07109 1.30869 1.09159
1.16649 1.26185 1.12674
1.25066 1.19718 1.19672
1.21699 1.24696 1.19674
1.32361 1.30436 1.2128
1.34606 1.3071 1.27929
1.36851 1.34371 1.29854
1.18893 1.31571 1.23041
1.15526 1.22407 1.1895
0.986912 1.2158 1.15065
1.05425 1.28057 1.05477
0.908348 1.12027 0.951389
1.05425 1.05608 0.959647
1.03742 1.10197 1.00302
0.975689 1.1218 1.02204
0.953242 1.1194 1.0753
1.17771 1.19768 1.17972
1.19454 1.21241 1.24588
1.08231 1.23872 1.23808
1.11037 1.28236 1.17574
1.03181 1.18684 1.13204
1.00936 1.11269 1.09545
0.796115 1.10245 0.982464
0.728774 1.05004 0.822358
0.723162 1.00803 0.787406
0.908348 0.938265 0.856122
1.01497 0.92132 0.943213
1.05425 0.959377 0.994201
1.03181 1.00909 1.02495
1.09353 1.01288 1.01748
1.11037 1.01625 0.981976
1.05986 1.02657 0.993908
1.02619 1.02645 1.01586
1.03742 1.01579 1.02721
1.04303 1.06432 0.980057
0.94763 1.01637 0.877295
0.790503 0.915148 0.796367
0.756833 0.818829 0.72318
0.796115 0.729315 0.733271
0.936407 0.747452 0.777546
0.768056 0.799269 0.779961
0.745609 0.826871 0.742657
0.638987 0.849657 0.724524
0.801726 0.911959 0.7915
0.857843 0.966835 0.852483
0.790503 1.01426 0.892232
0.953242 0.974339 0.900701
0.768056 0.820893 0.781837
0.509918 0.78118 0.619182
0.633375 0.677001 0.579779
0.453801 0.495046 0.506008
0.335955 0.34561 0.404406
0.436966 0.305703 0.354413
0.431354 0.282736 0.399574
0.476248 0.329777 0.520036
0.498695 0.496488 0.58172
0.380849 0.50939 0.511828
0.369626 0.380498 0.39382
0.223721 0.26726 0.340008
0.386461 0.401201 0.494674
0.622152 0.559541 0.603874
0.375237 0.482068 0.400146
0.352791 0.218947 0.26179
0.195663 0.128041 0.214848
0.195663 0.208312 0.211024
0.128323 0.250316 0.145716
0.100264 0.148648 0.0717513
0.0441472 0.10513 0.0711313
0.145158 0.172483 0.199221
0.279838 0.302527 0.234949
0.246168 0.228539 0.146623
0.111488 -0.0106419 -0.00324152
0.190051 -0.0830106 -0.0192223
0.156381 0.0117701 0.0285524
0.178828 0.0123417 0.0423459
0.0834291 0.00107435 0.0464514
0.00486534 0.141413 0.00907468
-0.0119697 0.0584806 -0.0503194
0.0385355 -0.117558 -0.0757571
-0.0400282 -0.150737 -0.072439
-0.0288048 -0.069248 -0.0547903
0.010477 -0.00115921 -0.00515364
0.139546 0.0240517 0.018175
0.0441472 -0.0406327 0.0320611
0.0385355 -0.0378994 0.0983403
0.145158 0.0629231 0.200187
0.302285 0.144632 0.280239
0.28545 0.157115 0.300179
0.128323 0.0307978 0.109571
-0.286943 -0.160053 -0.145626
-0.315001 -0.373973 -0.250008
-0.118592 -0.344065 -0.269823
-0.298166 -0.404857 -0.316558
-0.432847 -0.532096 -0.400896
-0.460905 -0.512574 -0.394648
-0.365507 -0.441207 -0.231422
0.0217004 -0.249983 -0.166493
-0.292555 -0.253111 -0.364513
-0.634868 -0.533286 -0.585624
-0.713432 -0.706698 -0.636246
-0.483352 -0.589596 -0.676376
-0.74149 -0.759406 -0.711683
-0.769549 -0.690368 -0.580359
-0.528246 -0.433325 -0.416122
-0.584363 -0.398738 -0.493098
-0.786384 -0.809982 -0.704956
-0.904229 -0.900563 -0.829399
-0.623645 -0.84893 -0.841736
-0.831277 -0.936064 -0.975745
-1.06136 -1.16442 -1.17693
-1.31949 -1.30635 -1.39276
-1.14553 -1.35958 -1.32371
-0.763937 -1.23494 -1.07804
-0.758325 -1.04508 -0.965283
-0.9379 -1.13905 -0.999499
-0.932288 -1.19381 -1.04236
-1.06697 -1.17999 -1.05989
-1.20165 -1.23534 -1.10038
-1.20726 -1.26578 -1.10022
-1.10625 -1.26287 -1.04944
-1.05013 -1.1245 -0.900145
-0.904229 -0.964206 -0.769155
-1.10625 -1.038 -0.896097
-1.11186 -1.04828 -1.03082
-1.00524 -1.0153 -1.06793
-0.999628 -1.19956 -0.993456
-0.629256 -1.10123 -0.909478
-0.9379 -0.963046 -0.963732
-0.797607 -0.810141 -0.976054
-0.932288 -0.975784 -0.982892
-0.932288 -1.11993 -1.07057
-1.06136 -1.30252 -1.05628
-1.01085 -1.18059 -0.960526
-0.864948 -0.918645 -0.979048
-0.921065 -1.25906 -0.953143
-1.04452 -1.08452 -0.878445
-1.07258 -1.00846 -0.885677
-1.43173 -1.07776 -0.983402
-1.40367 -0.97611 -1.10961
-1.07819 -1.10099 -1.2434
-1.49346 -1.32677 -1.41218
-1.63936 -1.41186 -1.50349
-1.76843 -1.23499 -1.60265
-1.60008 -1.52054 -1.56319
-1.53274 -1.47809 -1.49766
-1.48223 -1.34474 -1.56549
-1.54396 -1.44864 -1.57838
-1.6113 -1.5254 -1.47572
-1.29705 -1.40579 -1.33502
-1.32511 -1.40043 -1.40935
-1.28582 -1.62469 -1.4284
-1.0838 -1.58643 -1.4149
-1.35878 -1.58781 -1.57153
-1.80771 -1.79698 -1.71567
-1.34194 -1.87579 -1.54688
-0.808831 -1.79039 -1.17435
-0.657315 -1.33436 -0.916112
-0.909841 -1.23051 -0.947169
-0.994017 -1.42363 -1.18621
-1.42612 -1.62146 -1.36654
-1.25777 -1.62402 -1.36984
-1.09503 -1.57519 -1.29571
-1.24654 -1.62739 -1.34769
-1.49907 -1.67113 -1.35931
-1.04452 -1.47571 -1.29317
-1.07819 -1.64978 -1.26595
-1.07258 -1.63381 -1.29272
-1.12309 -1.56873 -1.24098
-0.887394 -1.4184 -1.16219
-0.949123 -1.43931 -1.21029
-0.954735 -1.48211 -1.29066
-1.07258 -1.53768 -1.4173
-1.33072 -1.67446 -1.55743
-1.45979 -1.77314 -1.56529
-1.0333 -1.64582 -1.35532
-0.747102 -1.47919 -1.01987
-0.511411 -1.17262 -0.837171
-0.679762 -1.13291 -0.821008
-0.573139 -1.18718 -0.876128
-0.719043 -1.20798 -0.964421
-0.797607 -1.30275 -1.02855
-0.954735 -1.25912 -1.16811
-1.26338 -1.28527 -1.31768
-1.25215 -1.35174 -1.39429
-1.15676 -1.39059 -1.35224
-1.19043 -1.38735 -1.2997
-1.2746 -1.42566 -1.31444
-1.26899 -1.4436 -1.32921
-1.29144 -1.45127 -1.22988
-1.06697 -1.34915 -1.072
-0.965958 -1.31099 -0.976947
-0.904229 -1.21939 -1.03159
-1.21848 -1.15531 -1.06064
-1.1792 -1.17166 -1.10603
-1.16798 -1.18006 -1.15235
-0.74149 -1.12263 -1.05255
-0.657315 -1.01213 -0.953845
-0.820054 -1.12847 -0.976099
-0.960346 -1.05324 -1.04246
-1.02769 -1.07934 -1.14312
-0.876171 -1.06526 -1.06762
-0.763937 -0.995271 -0.863162
-0.545081 -0.910626 -0.719518
-0.612421 -0.848353 -0.563293
-0.337448 -0.585525 -0.531477
-0.64048 -0.736568 -0.713588
-0.977182 -0.945387 -0.915145
-0.965958 -0.969521 -1.0364
-0.982793 -0.992739 -1.00005
-0.589974 -0.840936 -0.77509
-0.4104 -0.601734 -0.628431
-0.539469 -0.684445 -0.69755
-0.696597 -0.870025 -0.851342
-0.814442 -0.951093 -0.919521
-0.836889 -0.85072 -0.915453
-0.786384 -0.776171 -0.899424
-0.74149 -0.751959 -0.844261
-0.70782 -0.69023 -0.75964
-0.64048 -0.648251 -0.653025
-0.528246 -0.585335 -0.53102
-0.427235 -0.511253 -0.444983
-0.320613 -0.445072 -0.350351
-0.230826 -0.34541 -0.193922
-0.0456399 -0.170003 -0.0484401
0.066594 -0.0181351 0.0312395
0.0553706 -0.10276 0.0565584
-0.00635805 -0.0343565 -0.0125385
-0.0849218 -0.0806372 -0.0199661
0.145158 0.0120022 -0.00751906
-0.0344165 -0.15353 -0.210941
-0.528246 -0.394484 -0.450241
-0.44407 -0.411251 -0.522905
-0.601198 -0.362266 -0.451104
-0.404788 -0.262849 -0.227861
-0.202767 -0.0666354 -0.0998161
-0.124204 0.0334551 0.0019472
-0.152262 0.0655066 -0.0553923
-0.202767 -0.112016 -0.200589
-0.315001 -0.2012 -0.262678
-0.213991 -0.0943367 -0.21884
-0.14665 0.00596786 -0.204167
-0.225214 -0.0486819 -0.206091
-0.197156 -0.1316 -0.0935412
0.111488 0.176124 0.0431391
-0.230826 0.0307927 -0.0747606
-0.387953 -0.284266 -0.24689
-0.337448 -0.280257 -0.354339
-0.662927 -0.333534 -0.456906
-0.505799 -0.317932 -0.42695
-0.34306 -0.169283 -0.284114
-0.062475 -0.0465056 -0.0736227
0.0160887 0.203745 0.0739224
-0.14665 0.326072 0.192343
0.234945 0.470163 0.347656
0.459413 0.301033 0.413582
0.369626 0.269628 0.346632
0.31912 0.225758 0.32982
0.504306 0.226176 0.332081
0.375237 0.180047 0.245212
0.431354 0.173835 0.210163
0.403296 0.123957 0.219072
0.358402 0.101272 0.206265
0.156381 0.136638 0.208387
0.201275 0.208696 0.275626
0.504306 0.328 0.376723
0.397684 0.317762 0.423843
0.442578 0.431892 0.512113
0.689492 0.579976 0.583311
0.526753 0.579923 0.472208
0.436966 0.332879 0.31757
0.117099 0.21302 0.172342
0.117099 0.215449 0.113419
0.229333 0.176077 0.227189
0.51553 0.416189 0.445901
0.509918 0.585037 0.540231
0.453801 0.498564 0.489513
0.526753 0.496798 0.55374
0.728774 0.632831 0.566084
0.392072 0.49394 0.424615
0.442578 0.481605 0.400008
0.532365 0.639494 0.575003
0.818561 0.755779 0.817821
0.919572 0.973107 0.932914
0.717551 0.856433 0.743836
0.431354 0.667931 0.481213
0.521141 0.606125 0.482612
0.599705 0.692445 0.609419
0.521141 0.792523 0.720555
0.768056 0.839124 0.818713
0.807338 0.970397 0.854344
0.891513 0.991797 0.829974
0.633375 0.863949 0.670939
0.532365 0.604138 0.534778
0.672657 0.662156 0.589912
0.683881 0.816527 0.635452
0.599705 0.763453 0.678
0.779279 0.805742 0.82236
0.745609 0.983514 0.887202
0.779279 0.925633 0.913965
0.91396 1.02799 0.946053
0.925184 1.06753 0.903881
0.588482 0.981995 0.728132
0.638987 0.88533 0.69111
0.745609 0.917334 0.691611
0.756833 0.845029 0.739214
0.695104 0.868399 0.819846
0.773668 0.880158 0.856031
0.801726 0.938661 0.96386
1.02619 1.04489 1.04656
0.891513 1.07159 0.975488
0.986912 0.949967 0.915592
0.81295 0.802852 0.816183
0.824173 0.885334 0.813487
0.998136 0.993373 0.895704
0.992524 1.12251 0.986659
1.04864 1.08813 1.04951
1.09353 1.05371 1.13375
1.31239 1.10654 1.2952
1.24505 1.23976 1.36411
1.16087 1.33359 1.35824
1.41901 1.30451 1.3734
1.46391 1.2545 1.3107
1.32923 1.12298 1.20737
1.23383 1.13145 1.11849
1.16649 1.13524 1.08596
1.11598 1.12657 1.00415
0.91396 1.09221 0.916142
0.958854 1.04016 0.9026
0.863455 1.14343 0.956999
0.94763 1.27728 1.04064
0.852231 1.27416 1.0738
1.12159 1.21233 1.12435
1.13843 1.21084 1.19505
1.27311 1.31709 1.29205
1.1272 1.39179 1.34463
1.14404 1.30395 1.30119
1.16649 1.23518 1.25925
1.21699 1.20194 1.20738
1.31239 1.14351 1.14811
1.26189 1.19148 1.1316
1.18332 1.16266 1.18387
1.13282 1.23759 1.21517
1.27872 1.26859 1.36572
1.44707 1.28701 1.4654
1.53686 1.27236 1.43682
1.39095 1.19261 1.36894
1.38534 1.24841 1.29097
1.29556 1.22611 1.27442
1.32361 1.1824 1.20957
1.27872 1.12614 1.18603
1.25627 1.154 1.20225
1.20577 1.17424 1.2394
1.31239 1.20036 1.27609
1.27311 1.23897 1.23747
1.27872 1.29252 1.2311
1.40218 1.20576 1.28978
1.318 1.18235 1.31179
1.39657 1.2535 1.35574
1.46952 1.35123 1.4281
1.39657 1.42854 1.41036
1.2675 1.31219 1.31509
1.20016 1.30314 1.28042
1.2675 1.36309 1.31356
1.28433 1.28443 1.31149
1.18893 1.27053 1.32892
1.2675 1.37963 1.39585
1.318 1.48036 1.43467
1.27872 1.45156 1.42141
1.27872 1.38847 1.36487
1.21699 1.29813 1.2905
1.08231 1.20097 1.23932
1.11598 1.16406 1.22122
1.21699 1.18014 1.22001
1.28433 1.21516 1.23015
1.34045 1.1928 1.27524
1.14404 1.19017 1.20901
1.05986 1.13715 1.09559
0.925184 1.04348 1.04893
1.01497 1.0035 1.02229
1.07109 1.06084 1.06044
1.13843 1.12257 1.12747
1.18893 1.14822 1.16512
1.20577 1.18047 1.14843
1.12159 1.15512 1.12592
1.04303 1.12314 1.09432
1.05425 1.1036 1.06024
0.897125 1.09907 1.02789
0.958854 1.06679 1.03575
1.03181 1.09071 1.09627
1.21138 1.07865 1.14332
1.18332 1.07032 1.11885
0.992524 1.09343 1.06264
0.970077 1.03866 1.02635
1.02619 0.975111 1.00692
0.964465 0.968204 0.931098
0.925184 0.846934 0.852726
0.891513 0.7689 0.82255
0.796115 0.792736 0.826796
0.773668 0.838623 0.849977
0.807338 0.867941 0.885473
0.841008 0.912331 0.942924
0.986912 0.957707 0.973904
1.06548 0.96283 0.879008
0.599705 0.791759 0.685526
0.521141 0.684824 0.59586
0.594093 0.716199 0.611712
0.633375 0.699777 0.647721
0.633375 0.72106 0.661053
0.661434 0.667081 0.665573
0.723162 0.634793 0.680596
0.661434 0.669933 0.71984
0.829785 0.609315 0.711221
0.655822 0.617535 0.607389
0.335955 0.610667 0.472816
0.352791 0.571485 0.437869
0.476248 0.578571 0.561615
0.465024 0.581191 0.634671
0.605317 0.593258 0.633973
0.779279 0.569379 0.632953
0.818561 0.495391 0.670891
0.633375 0.532713 0.675621
0.571647 0.546795 0.683414
0.61654 0.59287 0.692325
0.801726 0.642073 0.639928
0.566035 0.585964 0.478433
0.139546 0.281619 0.321618
0.246168 0.376585 0.194752
0.21811 0.146486 0.0734281
-0.0288048 -0.0121104 -0.123425
-0.0680867 -0.0103681 -0.156973
-0.0568633 -0.00318635 -0.00146382
0.21811 0.108541 0.153175
0.201275 0.257325 0.160871
0.111488 0.167584 0.209252
0.313509 0.13028 0.363519
0.307897 0.218887 0.455372
0.526753 0.235472 0.383262
0.240557 0.126604 0.214312
0.145158 0.0564419 0.11778
0.0497589 0.0127046 0.0316901
0.0553706 -0.0307694 -0.0522511
-0.208379 -0.0764305 -0.141779
-0.163486 -0.174793 -0.125171
0.105876 -0.0906632 0.0625611
0.234945 0.0276189 0.232609
0.18444 0.105896 0.294025
0.190051 0.133241 0.298783
0.18444 0.230752 0.303074
0.223721 0.244112 0.238045
-0.0288048 0.00215156 0.0253009
-0.00635805 -0.0402777 -0.0834323
0.010477 0.0507079 0.0175221
-0.0512516 0.164671 0.10813
-0.0512516 0.0991962 0.0703792
-0.174709 -0.0215825 -0.0466798
-0.247661 -0.115226 -0.0748862
-0.337448 -0.102361 -0.0104391
-0.129815 -0.0472572 0.0719708
-0.062475 -0.0609299 0.121683
0.0722057 -0.0658676 0.199985
0.240557 0.0161485 0.127573
-0.191544 -0.152161 -0.152734
-0.522634 -0.477198 -0.39791
-0.595586 -0.58755 -0.512801
-0.550693 -0.607887 -0.511601
-0.281331 -0.611868 -0.401606
-0.197156 -0.470154 -0.38389
-0.488964 -0.64744 -0.525324
-0.730267 -0.572395 -0.769155
-0.853724 -0.752901 -0.934582
-1.01085 -0.900142 -1.05169
-1.06697 -0.841829 -0.934369
-0.567528 -0.683475 -0.596167
-0.517022 -0.339929 -0.482566
-0.77516 -0.416761 -0.744391
-0.915453 -0.865227 -0.942145
-0.898618 -0.858222 -1.01783
-1.12309 -0.818158 -1.10997
-1.30827 -0.947601 -1.20146
-1.06697 -0.970322 -1.19427
-1.14553 -0.978974 -1.2767
-1.48223 -1.07282 -1.36058
-0.881783 -1.10341 -1.2221
-0.460905 -1.02664 -1.00095
-0.646091 -0.951278 -0.874096
-1.13992 -0.89156 -0.869187
-1.13992 -0.831452 -0.872719
-0.926676 -0.879185 -0.843194
-0.791996 -0.90019 -0.890336
-1.20165 -0.983819 -1.07095
-1.16237 -1.00235 -1.10453
-1.42612 -0.957641 -1.10443
-1.36439 -1.01148 -1.20901
-1.47662 -1.11325 -1.29594
-1.33633 -1.09689 -1.25207
-1.16237 -1.06959 -1.16537
-1.5608 -1.08875 -1.18049
-1.25215 -1.02402 -1.11349
-1.37561 -0.819992 -1.11015
-1.08942 -1.08167 -1.06504
-1.15676 -1.11887 -0.991228
-1.10625 -1.05337 -1.03318
-0.859336 -1.16997 -1.14255
-0.965958 -1.30174 -1.24013
-1.35317 -1.27237 -1.26033
-1.12309 -1.25242 -1.2289
-1.49907 -1.18578 -1.26972
-1.71231 -1.13598 -1.40795
-1.72354 -1.15452 -1.53939
-1.57202 -1.46256 -1.61631
-1.38122 -1.74823 -1.65477
-1.26899 -1.75233 -1.51396
-1.14553 -1.50172 -1.32307
-1.50468 -1.31009 -1.32685
-1.39245 -1.45619 -1.36743
-1.78527 -1.44983 -1.49176
-1.83577 -1.44325 -1.56245
-1.32511 -1.5872 -1.53022
-1.68426 -1.64324 -1.50695
-1.54396 -1.54927 -1.39154
-1.52713 -1.35446 -1.35344
-1.63936 -1.29523 -1.37299
-1.57763 -1.24102 -1.39205
-1.63375 -1.33631 -1.38065
-1.62814 -1.35205 -1.41177
-1.4654 -1.27385 -1.33589
-1.44856 -1.24306 -1.2527
-1.38684 -1.1164 -1.1316
-0.977182 -1.00798 -1.04134
-1.09503 -1.16907 -1.05502
-1.45418 -1.29865 -1.10055
-1.35317 -1.33153 -1.0043
-1.10625 -1.22164 -0.984777
-1.48223 -1.32964 -1.20774
-1.62253 -1.44546 -1.37228
-1.60008 -1.51828 -1.38301
-1.44856 -1.50249 -1.28293
-1.37 -1.38516 -1.30824
-1.36439 -1.41023 -1.26408
-1.20726 -1.31951 -1.05779
-0.488964 -1.24227 -0.852555
-0.960346 -1.25041 -0.81425
-0.999628 -1.29452 -0.878587
-0.831277 -1.30351 -1.08861
-1.44856 -1.48095 -1.30587
-1.49346 -1.59925 -1.50044
-1.47101 -1.62601 -1.5909
-1.45418 -1.59243 -1.57396
-1.44856 -1.64149 -1.51872
-1.45979 -1.64931 -1.5221
-1.50468 -1.62088 -1.49755
-1.54396 -1.59014 -1.44701
-1.49346 -1.54844 -1.41563
-1.48785 -1.53014 -1.39676
-1.34194 -1.55209 -1.36461
-1.42051 -1.63572 -1.37916
-1.44856 -1.59493 -1.44921
-1.4654 -1.59305 -1.53268
-1.55519 -1.66711 -1.54005
-1.24654 -1.62271 -1.37875
-0.921065 -1.52911 -1.24589
-0.752714 -1.4446 -1.09131
-0.646091 -1.38134 -1.05875
-0.893006 -1.42569 -1.20183
-1.07819 -1.49384 -1.28412
-1.16798 -1.42422 -1.27926
-1.24654 -1.37778 -1.31249
-1.15676 -1.38355 -1.37275
-1.21848 -1.40328 -1.43717
-1.25215 -1.39568 -1.31941
-0.994017 -1.27362 -1.08208
-0.864948 -1.21112 -0.981945
-0.97157 -1.12758 -1.02898
-1.09503 -1.06711 -1.09329
-1.02208 -1.04299 -1.05133
-0.904229 -0.957793 -0.951216
-0.864948 -0.86965 -0.926121
-0.814442 -0.844184 -0.822796
-0.70782 -0.806314 -0.645305
-0.281331 -0.697649 -0.453268
-0.236438 -0.529301 -0.361131
-0.135427 -0.574436 -0.347025
-0.713432 -0.570512 -0.511148
-0.584363 -0.630089 -0.679715
-0.690985 -0.689225 -0.678897
-0.331836 -0.493108 -0.546728
-0.298166 -0.565665 -0.468803
-0.421624 -0.626636 -0.544269
-0.60681 -0.555325 -0.633181
-0.522634 -0.46548 -0.663795
-0.646091 -0.495279 -0.761591
-0.870559 -0.521283 -0.878724
-0.797607 -0.490944 -0.878987
-0.567528 -0.456252 -0.651843
-0.37673 -0.347203 -0.366032
-0.208379 -0.218119 -0.332445
-0.545081 -0.529827 -0.518925
-0.612421 -0.741652 -0.650101
-0.483352 -0.667141 -0.564566
-0.460905 -0.500928 -0.412788
-0.242049 -0.362448 -0.381234
-0.404788 -0.386748 -0.457003
-0.545081 -0.390865 -0.577849
-0.634868 -0.442381 -0.565092
-0.264496 -0.280661 -0.398828
-0.0793101 -0.0956133 -0.259646
-0.124204 -0.139363 -0.220532
-0.30939 -0.186576 -0.197099
-0.163486 -0.0923774 -0.0495418
0.122711 -0.0160759 0.0877459
0.122711 0.139539 0.0180509
-0.135427 -0.0484923 -0.238815
-0.539469 -0.368781 -0.481218
-0.517022 -0.417814 -0.517339
-0.270108 -0.239261 -0.257158
0.0329238 0.0742223 -0.00730015
0.302285 0.298025 0.24028
0.31912 0.310632 0.257355
0.00486534 0.191356 0.168645
0.150769 0.28938 0.280511
0.223721 0.53596 0.357892
0.0385355 0.242075 0.248438
0.100264 0.224099 0.19863
0.296674 0.338345 0.30257
0.201275 0.348801 0.358316
0.234945 0.377639 0.351128
0.122711 0.269722 0.176676
0.0890408 0.063324 0.0429364
0.150769 0.032565 0.0188644
0.0553706 0.0526435 0.0147156
0.0890408 0.0923712 0.0443523
0.212498 0.185622 0.122192
0.302285 0.20916 0.157767
0.150769 0.200203 0.181526
0.167605 0.253144 0.276676
0.425743 0.532773 0.479685
0.902737 0.674596 0.69781
0.571647 0.658309 0.707761
0.728774 0.683872 0.76243
0.841008 0.753623 0.721789
0.526753 0.656397 0.513905
0.324732 0.506061 0.347085
0.296674 0.494376 0.404227
0.392072 0.754199 0.512835
0.498695 0.708337 0.525944
0.459413 0.675899 0.366312
0.566035 0.526816 0.4109
0.655822 0.630089 0.560278
0.622152 0.755346 0.696073
0.902737 0.877771 0.93394
1.39095 1.15954 1.20508
0.784891 1.1974 1.08273
0.521141 0.76562 0.805358
0.605317 0.622312 0.677942
0.622152 0.663396 0.674037
0.58287 0.656086 0.707691
0.667045 0.721006 0.720429
0.745609 0.794353 0.691045
0.863455 0.718179 0.651512
0.874678 0.663279 0.672162
0.925184 0.678906 0.78875
0.784891 0.838553 0.815321
0.661434 0.782984 0.807528
0.885902 0.902949 0.880426
0.958854 0.905785 0.950608
1.1721 0.951492 1.0376
1.30678 1.04743 1.03069
0.739998 0.881096 0.898117
0.835396 0.815218 0.838654
0.841008 0.876446 0.799357
0.622152 0.862405 0.670832
0.571647 0.795654 0.508126
0.745609 0.628999 0.548843
0.588482 0.697123 0.671848
0.857843 0.73161 0.770764
0.857843 0.779651 0.887303
1.07109 0.897114 0.970445
1.16087 1.00742 1.0115
1.20016 1.02053 0.996413
0.992524 0.93888 0.960969
0.953242 0.836964 0.938156
1.03742 0.885789 0.958722
1.1272 0.978237 1.06632
0.953242 1.12396 1.15123
0.919572 1.23762 1.12978
0.970077 1.257 1.11071
0.852231 1.25272 1.0639
0.779279 1.07881 1.00518
0.891513 0.999582 0.993537
1.02619 1.09484 1.04382
0.91396 1.11693 1.08293
1.13282 1.20023 1.11558
1.1272 1.242 1.05142
1.09353 1.24293 1.07528
1.00936 1.17896 1.10569
1.07109 1.13803 1.12687
1.09915 1.18971 1.14831
1.16649 1.27252 1.20608
1.11598 1.2717 1.24011
1.22822 1.32727 1.31964
1.34606 1.39803 1.41561
1.4134 1.40547 1.43886
1.34606 1.25768 1.40497
1.23383 1.26009 1.34448
1.26189 1.32725 1.32882
1.19454 1.26189 1.28034
1.15526 1.15808 1.20978
1.18893 1.13564 1.14772
0.975689 1.16065 1.00175
0.885902 0.991756 0.891648
0.863455 1.01019 0.887793
0.689492 1.08683 0.877644
0.706327 1.01181 0.833297
0.992524 0.988491 0.922867
1.05425 1.00892 1.01747
1.10476 1.00538 1.06275
1.23383 1.05159 1.13789
1.25066 1.12268 1.23682
1.09915 1.16776 1.23703
1.14404 1.15539 1.20256
1.21138 1.1531 1.11563
1.02619 1.14372 1.02738
1.05425 1.23406 1.04984
1.0767 1.28563 1.11846
1.21138 1.25711 1.18255
1.31239 1.30135 1.20506
1.31239 1.29243 1.22624
1.23383 1.27021 1.27905
1.28433 1.2334 1.35775
1.40218 1.27486 1.42179
1.45829 1.38093 1.4593
1.32923 1.41908 1.44847
1.4134 1.41308 1.46294
1.24505 1.39352 1.38604
1.14404 1.21898 1.21804
1.05986 1.13786 1.08482
0.9813 1.09779 0.999394
0.964465 1.02211 0.981879
1.20577 1.09521 1.03339
1.05986 1.13608 1.0123
0.919572 1.11978 1.00212
0.964465 1.11316 1.06703
0.975689 1.22327 1.14606
0.925184 1.26741 1.07444
1.02619 1.23035 1.01828
0.94763 1.15667 1.02291
1.0767 1.12593 1.07173
1.02619 1.10349 1.08401
1.02619 1.11577 1.06166
0.925184 1.0649 1.01813
0.964465 1.05903 1.0048
0.992524 1.06045 1.01634
1.06548 1.05482 1.03665
1.10476 1.07513 1.08641
1.16087 1.0936 1.13726
1.09353 1.10172 1.15121
1.04864 1.05486 1.13775
0.9813 1.04145 1.10176
1.00936 1.02498 1.08866
1.09353 1.05404 1.12889
1.08792 1.06595 1.13701
0.919572 1.01533 1.06308
1.11037 0.998824 1.0204
1.04303 1.01778 0.982522
1.02058 0.927268 0.921799
0.88029 0.832873 0.813418
0.829785 0.79026 0.785901
0.711939 0.791802 0.777595
0.667045 0.755293 0.71871
0.58287 0.657422 0.642192
0.734386 0.620552 0.685626
0.818561 0.727071 0.725986
0.661434 0.711133 0.714681
0.717551 0.685506 0.7217
0.739998 0.670377 0.648446
0.571647 0.612238 0.510297
0.453801 0.522442 0.395339
0.470636 0.469928 0.425424
0.521141 0.490978 0.492762
0.386461 0.533137 0.366298
0.279838 0.349953 0.246617
0.240557 0.289229 0.255169
0.532365 0.381158 0.542299
0.88029 0.645029 0.760041
0.610929 0.72474 0.607487
0.274227 0.493451 0.336218
0.0890408 0.269344 0.205113
0.279838 0.4303 0.353874
0.622152 0.667768 0.535115
0.51553 0.539204 0.482301
0.436966 0.338777 0.412192
0.330344 0.334503 0.449848
0.493083 0.374467 0.467236
0.560423 0.377123 0.42334
0.397684 0.271327 0.33725
0.375237 0.268555 0.278942
0.268615 0.269368 0.233128
0.195663 0.21252 0.161404
0.167605 0.166997 0.176614
0.274227 0.204173 0.295254
0.302285 0.284249 0.376275
0.453801 0.388685 0.417638
0.291062 0.458383 0.447312
0.414519 0.468954 0.501009
0.65021 0.491804 0.48151
0.240557 0.293666 0.230472
-0.101757 -0.061205 -0.0263908
-0.14665 -0.17019 -0.111069
0.229333 -0.0441557 0.0545453
0.201275 0.0989937 0.166593
0.111488 0.064191 0.0475891
-0.062475 -0.196653 -0.171829
-0.354283 -0.333333 -0.371409
-0.399177 -0.396707 -0.459523
-0.382342 -0.387461 -0.346412
-0.303778 -0.223881 -0.122944
0.0385355 0.0147173 -0.0587462
-0.713432 -0.267157 -0.418505
-0.713432 -0.597308 -0.546828
-0.180321 -0.381412 -0.339112
-0.135427 -0.322438 -0.106557
-0.11298 -0.267646 -0.116522
-0.197156 -0.335744 -0.255462
-0.455294 -0.480707 -0.361018
-0.4104 -0.391889 -0.364327
-0.365507 -0.358146 -0.361198
-0.455294 -0.42791 -0.483451
-0.786384 -0.520483 -0.617725
-0.522634 -0.534659 -0.532645
-0.191544 -0.395182 -0.310845
-0.472129 -0.358019 -0.320981
-0.202767 -0.398389 -0.405562
-0.219603 -0.387211 -0.42629
-0.326225 -0.410792 -0.418699
-0.662927 -0.533452 -0.471528
-0.842501 -0.591454 -0.555809
-0.803219 -0.686427 -0.610935
-0.763937 -0.688481 -0.67354
-0.943511 -0.718274 -0.70386
-0.915453 -0.682575 -0.677818
-0.74149 -0.586246 -0.579799
-0.808831 -0.49267 -0.656113
-1.13992 -0.870883 -0.870234
-1.43173 -0.771634 -1.08838
-1.24093 -0.941772 -1.09976
-0.965958 -1.04452 -0.968623
-0.977182 -0.817842 -0.798656
-0.545081 -0.758548 -0.621149
-0.601198 -0.671007 -0.755695
-0.943511 -0.940023 -1.07822
-1.11186 -1.28302 -1.29441
-1.10064 -1.35153 -1.18761
-0.735879 -1.06347 -0.956101
-0.539469 -0.976925 -0.788878
-0.74149 -0.932183 -0.759546
-0.9379 -0.909659 -0.843959
-1.08942 -0.92447 -0.982666
-1.01646 -1.1146 -1.10375
-0.898618 -1.21425 -1.23222
-0.9379 -1.35249 -1.22465
-0.988405 -1.45385 -1.26006
-1.20726 -1.52647 -1.33933
-1.24093 -1.54769 -1.31688
-1.33072 -1.46779 -1.31018
-1.33072 -1.25822 -1.37161
-1.52713 -1.38095 -1.39496
-1.71793 -1.40218 -1.37549
-1.69548 -1.30808 -1.34855
-1.78527 -1.31723 -1.42696
-1.68426 -1.4322 -1.54978
-1.94239 -1.52509 -1.68741
-2.07707 -1.39678 -1.8109
-2.02657 -1.43239 -1.73451
-1.57202 -1.29307 -1.56627
-1.91433 -1.3554 -1.40114
-1.38684 -1.31522 -1.28686
-1.44295 -1.25347 -1.38547
-1.97606 -1.34081 -1.59381
-2.00412 -1.49567 -1.56972
-1.70109 -1.30533 -1.34854
-1.41489 -1.35782 -1.34543
-1.67303 -1.49652 -1.4884
-1.7516 -1.47666 -1.63919
-1.68987 -1.5338 -1.65103
-2.03779 -1.63186 -1.67085
-2.04902 -1.63191 -1.69148
-1.8975 -1.64574 -1.67791
-1.9929 -1.49248 -1.69565
-1.9929 -1.50073 -1.65735
-1.79088 -1.47267 -1.65361
-2.09952 -1.66104 -1.7816
-2.17808 -1.78811 -1.8982
-1.79088 -1.85998 -1.82708
-1.1287 -1.82558 -1.61075
-1.31388 -1.50859 -1.40208
-1.34194 -1.47035 -1.33522
-1.67303 -1.49755 -1.45903
-1.47101 -1.52074 -1.5989
-1.74598 -1.60767 -1.59706
-1.7516 -1.49065 -1.52349
-1.45979 -1.38556 -1.46455
-1.65059 -1.36312 -1.43201
-1.19604 -1.28077 -1.2295
-0.791996 -1.1855 -1.09472
-0.893006 -1.14612 -1.09341
-0.786384 -1.30441 -1.13034
-1.16237 -1.2763 -1.17475
-1.50468 -1.23847 -1.28862
-1.58324 -1.306 -1.3782
-1.34194 -1.33678 -1.34672
-1.20165 -1.25489 -1.30892
-1.43173 -1.36204 -1.30517
-1.53835 -1.40289 -1.32828
-1.63936 -1.38604 -1.40235
-1.48785 -1.58154 -1.43809
-1.28021 -1.6483 -1.49836
-1.18481 -1.61229 -1.48285
-1.05575 -1.57343 -1.41776
-1.2241 -1.52866 -1.39017
-1.52713 -1.41699 -1.36826
-1.55519 -1.29813 -1.26426
-1.48223 -1.16769 -1.19982
-1.49346 -1.20938 -1.33783
-1.39245 -1.46922 -1.51531
-1.65059 -1.53195 -1.60865
-1.6113 -1.44987 -1.56341
-1.52713 -1.40372 -1.43833
-1.31388 -1.31993 -1.37032
-1.45418 -1.31319 -1.39784
-1.41489 -1.32449 -1.39962
-1.48785 -1.30494 -1.31256
-1.49907 -1.27326 -1.21498
-1.13431 -1.16337 -1.23952
-1.12309 -1.32223 -1.30447
-1.0333 -1.41668 -1.32721
-1.18481 -1.41218 -1.3323
-1.09503 -1.39519 -1.2184
-0.77516 -1.23533 -1.02479
-0.646091 -1.02734 -0.880753
-0.595586 -0.924741 -0.824072
-0.752714 -0.920195 -0.994561
-0.954735 -1.12859 -1.12704
-1.01646 -1.11333 -1.2413
-1.29144 -1.20232 -1.2677
-1.01085 -1.27432 -1.21125
-0.921065 -1.20147 -1.13284
-1.05013 -1.16751 -0.975246
-0.825666 -0.942077 -0.824254
-0.853724 -0.782889 -0.772233
-0.685373 -0.819323 -0.816452
-0.859336 -0.951536 -0.889884
-0.999628 -0.83626 -0.907979
-0.77516 -0.668985 -0.865658
-0.791996 -0.707717 -0.777006
-0.64048 -0.604211 -0.64854
-0.286943 -0.404 -0.495421
-0.533857 -0.422013 -0.431733
-0.589974 -0.395547 -0.428895
-0.511411 -0.393361 -0.44021
-0.483352 -0.387228 -0.453946
-0.275719 -0.393829 -0.406223
-0.589974 -0.429096 -0.386046
-0.298166 -0.341037 -0.315612
-0.365507 -0.220793 -0.251411
-0.141039 -0.172928 -0.307737
-0.202767 -0.483955 -0.520786
-0.432847 -0.543929 -0.613788
-0.556304 -0.452292 -0.539216
-0.685373 -0.395478 -0.452127
-0.629256 -0.323868 -0.368711
-0.298166 -0.254473 -0.299084
-0.533857 -0.174491 -0.351303
-0.393565 -0.316814 -0.399771
-0.421624 -0.391675 -0.391764
-0.460905 -0.321987 -0.306576
-0.337448 -0.216072 -0.185052
-0.152262 -0.0951897 -0.0366381
0.296674 0.0780369 0.175235
0.369626 0.23936 0.36545
0.459413 0.351909 0.327631
-0.0793101 0.229344 -0.0683984
-0.348672 -0.209452 -0.335632
-0.298166 -0.187004 -0.310655
-0.174709 -0.0267122 -0.0814956
0.111488 0.177071 0.182885
0.526753 0.362702 0.579678
0.88029 0.684539 0.725364
0.133934 0.588472 0.319814
-0.0793101 0.115712 0.0101303
-0.0512516 0.0245389 -0.0928
0.0385355 0.0578098 -0.0157362
0.190051 0.11371 0.0676302
0.268615 0.183112 0.184603
0.369626 0.310288 0.286109
0.31912 0.373118 0.279817
0.229333 0.24408 0.280064
0.397684 0.322559 0.299891
0.150769 0.270295 0.18313
0.0834291 0.108913 0.0951064
0.212498 0.139121 0.127334
0.212498 0.161184 0.192355
0.31912 0.237333 0.269532
0.324732 0.344023 0.371496
0.414519 0.466379 0.486766
0.633375 0.648564 0.663072
0.751221 0.801243 0.790438
0.240557 0.692051 0.614418
0.279838 0.451851 0.393962
0.263003 0.46769 0.330847
0.414519 0.530568 0.395223
0.330344 0.616545 0.425689
0.307897 0.587484 0.374642
0.504306 0.443177 0.426515
0.610929 0.511635 0.550148
0.65021 0.589952 0.605586
0.414519 0.650861 0.541326
0.560423 0.620717 0.50986
0.605317 0.638577 0.506193
0.58287 0.570487 0.536347
0.605317 0.601293 0.575109
0.605317 0.664238 0.59921
0.610929 0.746642 0.621564
0.65021 0.729239 0.679962
0.672657 0.733013 0.764619
0.633375 0.856505 0.740958
0.588482 0.720005 0.654295
0.638987 0.826125 0.720799
0.768056 0.967701 0.857076
0.964465 1.00987 1.01095
1.14404 1.08914 1.16596
1.02058 1.07003 1.15018
1.00936 1.02777 1.01348
0.841008 0.958238 0.790684
0.869067 0.752117 0.774535
0.936407 0.836662 0.891204
0.9813 1.00213 0.933405
0.521141 0.976319 0.74705
0.470636 0.741108 0.631612
0.605317 0.632237 0.647666
0.796115 0.693176 0.780347
0.824173 0.852621 0.956722
1.07109 1.09222 1.15605
1.22822 1.30455 1.3531
1.37973 1.33876 1.51233
1.49758 1.29701 1.51299
1.40779 1.31418 1.41809
1.1272 1.34203 1.31412
1.18893 1.2896 1.24588
0.986912 1.17015 1.1346
1.11598 1.17709 1.09304
1.12159 1.2183 1.12614
0.958854 1.19741 1.05959
0.953242 1.15743 1.12628
1.30117 1.30613 1.35659
1.24505 1.48265 1.41301
1.11037 1.42707 1.35633
1.26189 1.31384 1.38811
1.19454 1.31305 1.36301
1.04303 1.23688 1.22136
1.08792 1.11726 1.14243
0.986912 1.11972 1.05171
1.02058 1.01831 1.05544
1.08792 1.00825 1.14169
1.21699 1.09153 1.23659
1.22822 1.20847 1.26913
1.06548 1.1826 1.15622
0.998136 1.20944 1.08331
1.20577 1.19102 1.11584
1.30678 1.15269 1.18767
1.09915 1.18853 1.19475
1.18893 1.19351 1.14615
1.14404 1.15304 1.12858
1.20577 1.1702 1.13083
1.18893 1.22162 1.11836
1.15526 1.24387 1.10701
1.18893 1.15936 1.13017
1.28433 1.21876 1.16544
1.34606 1.24196 1.21892
1.32361 1.13086 1.2221
1.15526 1.18795 1.18438
1.13282 1.19538 1.17658
1.00936 1.18266 1.13184
1.04864 1.08066 1.16736
1.1721 1.16087 1.25648
1.36851 1.23191 1.30586
1.318 1.27013 1.29294
1.30678 1.26866 1.23814
1.318 1.29947 1.24197
1.25066 1.27173 1.23449
1.28994 1.28607 1.21567
1.23944 1.23258 1.25128
1.09915 1.29725 1.25538
1.00375 1.26729 1.16711
0.998136 1.14419 1.07354
0.958854 1.14212 0.973976
0.91396 1.08994 0.936617
1.09353 1.06523 0.977942
1.17771 1.06737 0.968173
1.13843 1.11711 0.97027
1.1272 1.11033 1.02102
1.14404 1.08138 1.08209
1.20577 1.07543 1.18646
1.28433 1.19565 1.2647
1.21699 1.26388 1.26393
1.23383 1.23731 1.21302
1.27311 1.13867 1.16974
1.16649 1.0589 1.1338
1.08231 1.14995 1.14409
1.17771 1.18157 1.14838
1.26189 1.1877 1.13039
1.08792 1.17889 1.09127
1.04864 1.19326 1.05184
1.02619 1.1833 1.03536
1.01497 1.17483 1.02666
1.00936 1.14839 1.0268
1.1272 1.15985 1.02597
0.9813 1.16963 1.02836
0.919572 1.17313 0.990558
0.902737 0.979301 1.00562
0.958854 1.05746 1.10494
1.1272 1.19227 1.12626
0.91396 1.02233 0.996232
0.958854 0.904092 0.884007
0.964465 0.84256 0.834062
0.902737 0.830062 0.878268
0.942019 0.87034 0.999345
1.12159 0.911598 1.04456
1.03742 0.93486 0.988352
0.919572 0.836791 0.960738
0.739998 0.775498 0.877014
0.728774 0.759057 0.834015
0.908348 0.810406 0.861987
0.942019 0.82411 0.866798
0.801726 0.773968 0.749921
0.768056 0.736781 0.669238
0.908348 0.739913 0.741216
0.869067 0.716798 0.826665
0.841008 0.78674 0.832149
0.908348 0.776953 0.822988
0.751221 0.777504 0.724955
0.801726 0.817085 0.638208
0.588482 0.708835 0.541397
0.425743 0.585194 0.446159
0.48186 0.563262 0.456346
0.504306 0.619621 0.519039
0.504306 0.737049 0.561507
0.594093 0.792904 0.629989
0.622152 0.673424 0.697361
0.599705 0.643082 0.743169
0.644599 0.735261 0.732468
0.672657 0.736426 0.683838
0.700716 0.581467 0.60246
0.543588 0.484423 0.563876
0.554812 0.468397 0.49679
0.313509 0.431876 0.378905
0.18444 0.321119 0.321823
0.229333 0.375554 0.406388
0.313509 0.541502 0.584257
0.5492 0.621367 0.574845
0.431354 0.445076 0.4295
0.206886 0.322695 0.281639
0.335955 0.168381 0.282284
0.268615 0.203278 0.280659
0.21811 0.2381 0.254017
0.21811 0.214586 0.262788
0.274227 0.196314 0.313135
0.347179 0.254755 0.330439
0.201275 0.307331 0.290561
0.358402 0.300899 0.234627
0.335955 0.144396 0.192786
0.173216 0.0572737 0.126703
0.0273121 0.0426295 0.102821
0.145158 0.173315 0.209825
0.122711 0.269659 0.233053
0.195663 0.201629 0.0934132
-0.152262 -0.00904583 -0.0323392
0.0722057 -0.0121151 0.0242886
0.139546 0.0577025 0.153143
0.0273121 0.0900225 0.161056
0.307897 0.168371 0.212896
0.246168 0.175475 0.154873
-0.0568633 0.00173546 0.0372085
0.279838 0.0329417 0.0473501
0.122711 0.0948378 0.00192752
-0.191544 -0.108279 -0.084248
-0.0288048 -0.15754 -0.108897
-0.169097 -0.232116 -0.0852116
-0.0680867 -0.21734 -0.0330307
0.139546 -0.116451 0.0828949
0.0441472 -0.0267199 0.128759
0.010477 0.0366899 -0.147491
-0.702208 -0.439875 -0.520017
-0.713432 -0.536289 -0.750117
-0.690985 -0.606332 -0.8261
-0.831277 -0.756137 -0.922542
-0.887394 -0.799067 -1.00452
-0.842501 -0.829914 -0.968113
-0.797607 -0.773062 -0.854902
-0.713432 -0.695615 -0.700278
-0.488964 -0.502499 -0.618565
-0.561916 -0.632697 -0.710024
-0.876171 -0.730119 -0.94299
-0.814442 -0.822267 -0.97348
-0.954735 -0.772223 -0.825788
-0.522634 -0.499319 -0.617118
-0.77516 -0.447905 -0.822803
-1.02769 -0.92189 -1.13847
-1.21287 -0.953739 -1.1855
-1.04452 -0.715554 -1.0801
-0.932288 -0.868573 -1.11224
-1.16798 -1.23395 -1.28961
-1.40928 -1.20659 -1.40485
-1.45418 -1.23134 -1.32971
-1.43734 -0.956744 -1.20264
-1.12309 -0.814909 -1.14341
-1.28582 -1.10652 -1.33937
-1.24093 -1.44054 -1.50744
-1.48223 -1.34642 -1.64076
-1.7516 -1.26673 -1.71994
-1.76282 -1.39526 -1.69365
-1.5608 -1.52078 -1.58822
-1.31949 -1.50319 -1.38081
-1.33072 -1.23862 -1.25162
-1.34194 -1.12027 -1.34589
-1.31388 -1.30203 -1.565
-1.79649 -1.52127 -1.77764
-2.0883 -1.45853 -1.99822
-2.12197 -1.63562 -2.03209
-2.07146 -1.62609 -1.9628
-1.88066 -1.51941 -1.85862
-1.48223 -1.52618 -1.75637
-1.37561 -1.82615 -1.68786
-1.33633 -1.78252 -1.54248
-1.43173 -1.5381 -1.35732
-1.24093 -1.27667 -1.21323
-1.39806 -1.16236 -1.20629
-1.79649 -1.40378 -1.43479
-1.8021 -1.54083 -1.55144
-1.49907 -1.63042 -1.58545
-1.88066 -1.73709 -1.75547
-1.73476 -1.89738 -1.80872
-2.10513 -1.79013 -1.80581
-1.7067 -1.67669 -1.52208
-1.4654 -1.20039 -1.41898
-1.8021 -1.43686 -1.6182
-1.86383 -1.70962 -1.77419
-1.8021 -1.70425 -1.84361
-1.80771 -1.61539 -1.78728
-1.68987 -1.48447 -1.69999
-1.54396 -1.49846 -1.54701
-1.5608 -1.40754 -1.4157
-1.47101 -1.38051 -1.39908
-1.32511 -1.26912 -1.3282
-1.01085 -1.16159 -1.20267
-0.97157 -1.30434 -1.25504
-1.35317 -1.50884 -1.5069
-1.80771 -1.658 -1.68566
-1.77965 -1.66358 -1.85597
-1.89189 -1.68812 -1.86519
-1.65059 -1.51323 -1.68204
-1.43173 -1.5579 -1.57759
-1.97606 -1.57331 -1.71686
-1.95362 -1.4966 -1.75726
-1.43173 -1.41042 -1.70815
-1.48223 -1.72369 -1.82926
-1.72354 -1.93376 -1.94723
-1.30266 -1.78798 -1.74131
-1.24093 -1.6905 -1.55344
-1.08942 -1.67025 -1.4702
-1.14553 -1.67837 -1.43053
-0.893006 -1.66835 -1.30107
-0.977182 -1.54808 -1.19292
-1.01646 -1.46036 -1.20472
-1.15114 -1.57393 -1.19814
-1.29144 -1.4468 -1.18748
-1.28021 -1.25234 -1.2822
-1.25215 -1.38608 -1.43293
-1.8975 -1.34676 -1.67807
-1.97606 -1.39978 -1.7727
-1.83577 -1.41841 -1.72945
-1.84138 -1.32531 -1.64008
-1.58324 -1.492 -1.62082
-1.57763 -1.59098 -1.71485
-1.71231 -1.65566 -1.69614
-1.60569 -1.50803 -1.42755
-1.00524 -1.00311 -1.16735
-1.1287 -0.811179 -1.10633
-1.33072 -0.863553 -1.18867
-1.1287 -1.17287 -1.32573
-1.34755 -1.44629 -1.4736
-1.72354 -1.30453 -1.64424
-1.81332 -1.45328 -1.66533
-1.74598 -1.18906 -1.59483
-1.39245 -1.0709 -1.46963
-1.50468 -1.07902 -1.39359
-1.57763 -1.15625 -1.50336
-1.53835 -1.31675 -1.62091
-1.33072 -1.30158 -1.5975
-1.13431 -1.41703 -1.49526
-1.34194 -1.64751 -1.5589
-1.5608 -1.65421 -1.57308
-1.48223 -1.45559 -1.38843
-1.13992 -1.0202 -1.19759
-0.848112 -0.780738 -0.92881
-0.893006 -0.693476 -0.72512
-0.326225 -0.288807 -0.547836
-0.679762 -0.467678 -0.859128
-1.21848 -0.881367 -1.27664
-1.52152 -1.04219 -1.4846
-1.5159 -1.12266 -1.54989
-1.38122 -1.11822 -1.48177
-1.31388 -1.1175 -1.35507
-1.21848 -1.11252 -1.24336
-0.758325 -1.08056 -1.01503
-0.533857 -0.857194 -0.830347
-0.573139 -0.735603 -0.729031
-0.690985 -0.605494 -0.605288
-0.135427 -0.35236 -0.462902
-0.466517 -0.345689 -0.625
-0.735879 -0.702597 -0.817663
-0.791996 -0.600819 -0.962946
-1.04452 -0.506424 -0.991706
-0.999628 -0.592794 -0.938453
-0.926676 -0.683261 -0.876587
-0.831277 -0.648524 -0.829275
-0.623645 -0.715119 -0.719485
-0.432847 -0.580857 -0.614805
-0.455294 -0.444682 -0.60014
-0.371118 -0.469569 -0.58609
-0.264496 -0.417781 -0.467975
-0.230826 -0.357484 -0.370245
-0.213991 -0.329194 -0.317332
-0.225214 -0.27042 -0.296478
-0.169097 -0.232994 -0.273669
-0.0849218 -0.217155 -0.211119
-0.157874 -0.20159 -0.157968
-0.152262 -0.129749 -0.0914834
-0.0344165 -0.091125 0.0320847
0.223721 -0.0134855 0.0360068
-0.236438 -0.102768 -0.222795
-0.528246 -0.549178 -0.429667
-0.320613 -0.435351 -0.349003
-0.141039 -0.183003 -0.177393
-0.281331 -0.242631 -0.168769
-0.494576 -0.184367 -0.31875
-0.382342 -0.34276 -0.360471
-0.152262 -0.321808 -0.272031
-0.124204 -0.186332 -0.165211
-0.157874 -0.0322833 -0.125129
0.0329238 -0.0974781 -0.0888693
-0.0288048 -0.0254902 -0.0730838
0.0160887 -0.0186966 -0.0564575
0.167605 0.0754177 -0.00712513
0.274227 0.0840085 0.111004
0.246168 0.134187 0.189516
0.364014 0.251811 0.24874
0.195663 0.339212 0.255466
0.302285 0.37821 0.273377
0.465024 0.392358 0.301984
0.240557 0.230555 0.226581
0.0946525 0.219589 0.141275
0.178828 0.401112 0.1806
0.156381 0.544047 0.198918
0.21811 0.307974 0.203421
0.274227 0.248331 0.188625
0.274227 0.1985 0.193151
0.302285 0.159528 0.256919
0.313509 0.233833 0.29645
0.212498 0.322794 0.265473
0.352791 0.37417 0.313128
0.448189 0.486098 0.441074
0.605317 0.549092 0.57009
0.717551 0.576701 0.558392
0.571647 0.558631 0.536006
0.487471 0.523008 0.521581
0.543588 0.516025 0.511537
0.51553 0.547523 0.547376
0.560423 0.55899 0.614899
0.655822 0.628221 0.660937
0.779279 0.537657 0.661785
0.667045 0.511862 0.619295
0.644599 0.586247 0.586808
0.700716 0.712294 0.775608
0.986912 0.904474 1.07997
1.23383 1.11706 1.33191
1.06548 1.13358 1.4041
1.00936 1.12624 1.22644
1.09353 0.831906 0.961283
0.717551 0.676292 0.763825
0.885902 0.686165 0.92932
1.1272 0.802581 1.17121
0.919572 0.905454 1.11508
0.762444 0.960822 0.941963
0.829785 0.935013 0.88844
0.728774 0.848837 0.844592
0.91396 0.790089 0.858996
0.9813 0.877472 0.971338
1.13843 1.02706 1.05538
1.11598 1.04257 1.10093
1.26189 1.04232 1.15094
1.1721 1.06279 1.14004
0.925184 1.00045 1.07061
1.02619 0.979942 1.006
1.03742 0.947578 0.980736
1.04864 0.934331 0.948061
1.11598 0.915646 0.949153
0.964465 0.908264 0.971704
1.00936 0.881625 1.01629
1.02058 0.950941 1.08415
0.992524 1.0376 1.16301
1.21699 1.16766 1.24955
1.15526 1.27682 1.24855
1.12159 1.29062 1.2207
1.18893 1.26881 1.17678
1.16087 1.26013 1.141
1.23383 1.22481 1.12596
1.14404 1.20811 1.11068
1.13843 1.21881 1.13094
1.13282 1.20362 1.18556
1.07109 1.18457 1.20853
1.16649 1.18117 1.16123
1.14965 1.17039 1.11572
1.03181 1.19863 1.10562
1.12159 1.18919 1.14726
1.25066 1.16087 1.20089
1.24505 1.1583 1.20655
1.14965 1.17989 1.1352
1.16087 1.17637 1.13922
1.21699 1.09664 1.17708
1.17771 1.04757 1.21849
1.27872 1.10527 1.27798
1.38534 1.17208 1.33765
1.40779 1.22692 1.34623
1.45268 1.24573 1.31705
1.27872 1.17088 1.22717
1.24505 1.1397 1.1577
1.20577 1.12443 1.1217
1.2675 1.15409 1.12508
1.28433 1.16876 1.1636
1.35728 1.21045 1.252
1.28994 1.23669 1.28622
1.15526 1.18277 1.23621
1.21138 1.18642 1.20338
1.16649 1.21938 1.2466
1.17771 1.30377 1.31452
1.27311 1.34081 1.30942
1.27872 1.37832 1.20085
1.02619 1.29517 1.09661
0.885902 1.18603 0.957776
0.953242 1.10566 0.978076
1.19454 1.19427 1.06733
1.13282 1.18188 1.08195
1.1272 1.2121 1.14371
1.25627 1.24969 1.28118
1.18332 1.281 1.36213
1.32923 1.23841 1.39354
1.20577 1.21963 1.36575
1.13843 1.12336 1.2917
1.20016 1.15956 1.25164
1.23383 1.21895 1.278
1.27311 1.2914 1.28743
1.12159 1.22151 1.23622
1.06548 1.21257 1.1387
1.07109 1.11582 1.09312
1.1272 1.19559 1.0636
1.21138 1.17131 1.13659
1.13843 1.19452 1.17799
1.21699 1.25382 1.19066
1.23383 1.25871 1.22761
1.27872 1.22638 1.23911
1.24505 1.15696 1.22967
1.23383 1.1453 1.19276
1.16087 1.12477 1.09567
0.942019 1.08427 1.00274
0.992524 1.01603 0.965352
0.998136 1.05766 0.946185
1.05986 1.06008 0.944313
1.13843 1.04986 0.949958
1.02058 1.07472 0.946429
1.03742 1.0769 1.01013
1.16087 1.1118 1.08494
1.26189 1.15386 1.15371
1.23944 1.15954 1.18622
1.21699 1.13283 1.22966
1.39657 1.18861 1.26049
1.34045 1.23167 1.22294
0.9813 1.16316 1.11949
1.06548 1.11917 1.14355
1.16649 1.10981 1.12922
0.689492 1.09582 0.868205
0.667045 0.857447 0.689847
0.633375 0.781747 0.686811
0.768056 0.961199 0.785488
0.717551 0.876509 0.863348
0.970077 0.904508 0.983403
1.1721 0.948142 1.00638
0.835396 0.792964 0.851042
0.509918 0.688239 0.624493
0.498695 0.60974 0.543885
0.627764 0.678017 0.558963
0.543588 0.677022 0.598669
0.577258 0.662078 0.551825
0.498695 0.568787 0.458328
0.571647 0.474999 0.435356
0.638987 0.549636 0.51679
0.526753 0.640294 0.544846
0.526753 0.573599 0.532237
0.566035 0.532789 0.576634
0.65021 0.594631 0.746311
0.91396 0.69646 0.870808
0.779279 0.737243 0.75554
0.453801 0.5241 0.58066
0.734386 0.603717 0.670607
0.745609 0.744698 0.753324
0.762444 0.728162 0.746566
0.762444 0.721361 0.775822
0.768056 0.758031 0.774127
0.526753 0.678667 0.65088
0.5492 0.565229 0.60726
0.633375 0.740062 0.587618
0.291062 0.718142 0.408497
0.28545 0.463359 0.250342
0.105876 0.340106 0.0866082
-0.0231931 0.251197 0.108072
0.128323 0.265272 0.243784
0.470636 0.311541 0.443645
0.902737 0.40353 0.649991
0.717551 0.427673 0.635084
0.509918 0.439507 0.632076
0.622152 0.489934 0.66586
0.723162 0.514624 0.700034
0.779279 0.45699 0.736988
0.65021 0.441803 0.669891
0.543588 0.424964 0.587489
0.431354 0.414189 0.551911
0.352791 0.339546 0.536982
0.48186 0.310281 0.522697
0.431354 0.322709 0.45922
0.386461 0.27254 0.315462
0.0441472 0.0902418 0.142989
0.0946525 0.0627012 0.123694
0.133934 0.0848281 0.165765
0.00486534 0.117119 0.178235
0.145158 0.121547 0.273917
0.364014 0.1673 0.337288
0.257392 0.089935 0.228268
0.0160887 -0.0744514 -9.05109E-06
-0.365507 -0.225215 -0.281553
-0.292555 -0.519753 -0.319558
0.0160887 -0.347915 -0.171048
-0.0905335 -0.175668 -0.0937119
-0.230826 -0.203431 -0.229752
-0.303778 -0.380453 -0.42239
-0.438459 -0.463424 -0.42396
-0.298166 -0.283993 -0.298424
-0.242049 -0.312411 -0.360208
-0.735879 -0.511605 -0.59266
-0.803219 -0.445172 -0.601315
-0.337448 -0.361922 -0.459693
-0.601198 -0.468404 -0.569777
-0.836889 -0.650225 -0.781849
-1.05013 -0.589458 -0.938713
-1.28582 -0.668504 -1.01949
-1.26338 -0.781482 -1.09372
-0.965958 -0.874023 -1.15782
-1.37 -1.0623 -1.12821
-1.05575 -0.709889 -0.925068
-1.21287 -0.54075 -0.875317
-1.05575 -0.855149 -1.04011
-1.45979 -0.957764 -1.23717
-1.30266 -1.06317 -1.27886
-1.25777 -1.23056 -1.28368
-1.19604 -1.24182 -1.1323
-1.12309 -0.886884 -0.903104
-0.719043 -0.631404 -0.741708
-0.921065 -0.73734 -0.841197
-1.26338 -1.11682 -1.01543
-1.33072 -1.01431 -1.0568
-1.15676 -0.841812 -0.994018
-1.39806 -0.82752 -1.08546
-1.17359 -1.19667 -1.28381
-1.25777 -1.51282 -1.42344
-1.16798 -1.45586 -1.40362
-1.10625 -1.31752 -1.30106
-1.42612 -1.09973 -1.29
-1.31388 -1.19394 -1.37
-1.61691 -1.33236 -1.47017
-1.62814 -1.32237 -1.44353
-1.35317 -1.24194 -1.45518
-1.72915 -1.30343 -1.56932
-1.86944 -1.31823 -1.68497
-1.90311 -1.29217 -1.70529
-1.88628 -1.38902 -1.74266
-1.82455 -1.51776 -1.68874
-1.47662 -1.46218 -1.53453
-1.53835 -1.35216 -1.48631
-1.70109 -1.32238 -1.55186
-1.72915 -1.37647 -1.6673
-1.7067 -1.43296 -1.70277
-1.59447 -1.61435 -1.63867
-1.85822 -1.64937 -1.56671
-1.71793 -1.73727 -1.52022
-1.78527 -1.74397 -1.61941
-1.85261 -1.74031 -1.74232
-1.78527 -1.76828 -1.82675
-2.0434 -1.814 -1.85155
-1.62814 -1.80384 -1.6668
-1.18481 -1.66711 -1.46544
-1.11747 -1.68203 -1.40257
-1.26338 -1.73957 -1.43493
-1.60569 -1.74635 -1.49862
-1.7067 -1.71279 -1.55864
-1.76843 -1.76072 -1.62836
-1.81332 -1.82954 -1.69366
-1.8975 -1.87536 -1.75801
-1.90872 -1.9251 -1.71526
-1.68426 -1.83039 -1.48106
-1.29144 -1.61077 -1.3415
-1.19604 -1.60637 -1.40683
-1.03891 -1.7719 -1.3472
-0.864948 -1.6323 -1.25644
-1.02208 -1.62248 -1.24455
-1.48223 -1.63259 -1.36931
-1.49907 -1.64823 -1.4812
-1.16798 -1.65024 -1.47917
-1.00524 -1.89149 -1.47013
-1.40367 -1.84015 -1.58934
-1.63936 -1.90304 -1.57896
-1.58324 -1.77291 -1.42615
-1.26899 -1.48614 -1.21124
-1.29144 -1.31745 -1.10843
-1.21848 -1.43329 -1.06898
-1.05013 -1.14888 -1.02078
-1.16798 -1.06389 -0.976825
-0.9379 -1.2492 -0.978182
-1.32511 -1.20678 -1.10885
-1.30266 -1.24842 -1.20922
-1.11186 -1.1122 -1.13731
-0.629256 -1.03334 -0.986083
-0.977182 -1.139 -1.07591
-1.33633 -1.2568 -1.32905
-1.40928 -1.51883 -1.38151
-1.1792 -1.51151 -1.29598
-1.26899 -1.43675 -1.21644
-1.38684 -1.3008 -1.12159
-1.26899 -1.13759 -1.06404
-1.20165 -1.06662 -1.03578
-1.25777 -1.04573 -1.10883
-1.29705 -1.15904 -1.1305
-1.16798 -1.15725 -1.2035
-1.13992 -1.42355 -1.37217
-1.34194 -1.61669 -1.58878
-1.45979 -1.63772 -1.65367
-1.35317 -1.60709 -1.64972
-1.38684 -1.58316 -1.65631
-1.55519 -1.62573 -1.63023
-1.44295 -1.56092 -1.48183
-1.26338 -1.42501 -1.3145
-1.32511 -1.30065 -1.28617
-1.23532 -1.25314 -1.19065
-0.719043 -1.10136 -0.997148
-0.926676 -0.856739 -0.818597
-0.623645 -0.718715 -0.671619
-0.70782 -0.743256 -0.547625
-0.315001 -0.638165 -0.50194
-0.449682 -0.746658 -0.617338
-0.685373 -1.03203 -0.828912
-0.932288 -1.09329 -1.04187
-1.15114 -1.11101 -1.08547
-0.954735 -1.09219 -1.02988
-0.982793 -1.01374 -0.920562
-0.921065 -0.760175 -0.818634
-0.825666 -0.589253 -0.788611
-0.820054 -0.636213 -0.694273
-0.387953 -0.67187 -0.608179
-0.505799 -0.907102 -0.664929
-0.70782 -1.01324 -0.858173
-1.09503 -1.09527 -1.08378
-1.28021 -1.04918 -1.19143
-1.13431 -0.923873 -1.29692
-1.40928 -1.05871 -1.37309
-1.31949 -0.985176 -1.24385
-0.646091 -0.673697 -0.923877
-0.960346 -0.543163 -0.791077
-0.836889 -0.529576 -0.704275
-0.573139 -0.408056 -0.545831
-0.455294 -0.31885 -0.363103
-0.152262 -0.229996 -0.252012
-0.281331 -0.182042 -0.326668
-0.589974 -0.329325 -0.481245
-0.488964 -0.429255 -0.614769
-0.618033 -0.522516 -0.703654
-0.713432 -0.533898 -0.698382
-0.584363 -0.505557 -0.542665
-0.320613 -0.325303 -0.368664
-0.208379 -0.150379 -0.234257
-0.0231931 -0.0401759 -0.0540912
0.128323 0.0902583 -0.063301
-0.236438 -0.160946 -0.162329
-0.236438 -0.095679 -0.136209
0.0273121 0.0320762 0.00279035
0.010477 0.181973 0.0109085
-0.185932 -0.0620201 -0.0902487
-0.230826 -0.243295 -0.161998
-0.141039 -0.236522 -0.103414
0.0385355 -0.212296 -0.0781287
-0.0793101 -0.148242 -0.120527
-0.124204 -0.137296 -0.149583
-0.174709 -0.120931 -0.117772
-0.0288048 0.0148929 0.0031919
0.21811 0.0641961 0.107671
-0.0736984 -0.111368 -0.0189271
-0.281331 -0.240647 -0.141405
-0.129815 -0.0831801 -0.0516151
0.201275 0.154322 0.0369002
0.0722057 0.126361 0.0738761
0.111488 0.069078 0.191742
0.369626 0.20607 0.403359
0.470636 0.306561 0.558192
0.689492 0.43311 0.624405
0.678269 0.508021 0.613193
0.571647 0.504878 0.570372
0.622152 0.506452 0.597301
0.807338 0.61731 0.638839
0.638987 0.624025 0.64432
0.61654 0.663987 0.709918
0.796115 0.758215 0.833719
0.779279 0.863256 0.812196
0.667045 0.796223 0.563299
0.476248 0.743164 0.552277
0.796115 0.787616 0.641349
0.386461 0.69277 0.538959
0.61654 0.593543 0.503836
0.560423 0.637411 0.471576
0.627764 0.54372 0.493095
0.667045 0.617073 0.543503
0.571647 0.63981 0.534221
0.493083 0.613485 0.568429
0.633375 0.681516 0.668988
0.88029 0.797196 0.76265
0.975689 0.792395 0.709964
0.779279 0.702424 0.628675
0.717551 0.655154 0.665702
0.863455 0.742864 0.774009
0.661434 0.77591 0.688526
0.526753 0.587681 0.682817
0.885902 0.759485 0.820916
0.958854 0.899329 0.84828
0.498695 0.729286 0.666599
0.532365 0.852075 0.613831
0.768056 0.791553 0.759527
0.902737 0.91636 0.892453
0.768056 0.903271 0.931183
1.00375 0.941499 1.0116
0.818561 1.05943 1.05528
1.03181 1.034 1.00978
1.0767 1.00938 0.988052
1.11037 1.01334 0.986482
1.11598 0.994505 1.02909
1.01497 0.974537 1.09571
1.0767 1.10411 1.1264
1.00936 1.19948 1.02021
0.521141 1.1192 0.751386
0.51553 0.96858 0.58557
0.801726 0.868265 0.658948
0.818561 0.995622 0.77538
0.953242 1.01071 0.804993
0.756833 0.874221 0.737031
0.796115 0.751792 0.753957
1.04864 0.831665 0.872471
1.08231 0.963365 0.94965
1.13282 0.932443 0.936146
0.908348 0.90712 0.849953
0.964465 0.90992 0.849448
1.06548 0.931722 0.959232
1.14404 0.9872 1.09645
1.27311 1.06795 1.22291
1.28433 1.10734 1.29004
1.25066 1.07343 1.24223
1.18332 1.05714 1.18175
1.25066 1.09141 1.21001
1.30678 1.15733 1.23973
1.35728 1.1952 1.22501
1.31239 1.25465 1.26479
1.28994 1.20674 1.26716
1.1721 1.22013 1.18368
1.14965 1.18465 1.11484
1.06548 1.15959 1.08934
1.27872 1.10099 1.16778
1.13282 1.13458 1.21516
1.1272 1.18617 1.12417
1.03742 1.04431 1.01103
0.863455 0.927578 0.963161
1.03181 0.998955 1.04352
1.14965 1.16903 1.19481
1.11037 1.14055 1.25869
1.27311 1.08147 1.26042
1.20016 1.22555 1.2696
1.2675 1.26683 1.28816
1.25066 1.27185 1.29337
1.20577 1.28386 1.31065
1.38534 1.26973 1.383
1.47513 1.24634 1.44354
1.35728 1.28033 1.44045
1.29556 1.27405 1.37473
1.32923 1.31809 1.34772
1.46391 1.28003 1.34374
1.15526 1.27296 1.25439
1.05986 1.22921 1.16084
1.02619 1.13595 1.04559
1.08231 1.07601 1.03026
1.1272 1.09909 1.04931
1.11037 1.13463 1.07918
1.18893 1.239 1.14537
1.20577 1.29617 1.20863
1.2226 1.31101 1.2849
1.30117 1.36485 1.3471
1.34606 1.31984 1.3883
1.20016 1.29062 1.35585
1.2226 1.32582 1.31302
1.32361 1.36153 1.32806
1.34045 1.38874 1.38113
1.40218 1.38732 1.38099
1.32361 1.3518 1.34745
1.34045 1.33892 1.35631
1.32361 1.33994 1.36475
1.27311 1.3611 1.30627
1.05986 1.24298 1.2185
1.08231 1.1661 1.18551
1.18893 1.16715 1.29143
1.34606 1.20864 1.39141
1.28433 1.20092 1.34439
1.33484 1.26028 1.29261
1.19454 1.2333 1.194
0.863455 1.16547 1.06762
0.885902 1.20915 0.987558
0.824173 1.20922 0.998276
1.04864 1.22571 1.02944
1.1272 1.19254 1.03193
0.998136 1.17178 0.970354
0.885902 1.15986 0.941109
0.930795 1.08427 0.979611
1.00375 1.1072 1.04601
1.09353 1.16223 1.1091
1.04303 1.1784 1.1513
1.04864 1.22795 1.17471
0.964465 1.15752 1.09559
1.00375 1.0383 1.06338
0.9813 0.990334 1.05704
1.01497 0.992551 1.00902
0.964465 0.991748 1.01025
1.00375 0.999135 1.02281
0.992524 1.0345 1.05118
1.07109 1.01733 1.08352
0.998136 0.998592 1.04996
0.779279 0.90386 0.848426
0.521141 0.812937 0.667857
0.683881 0.714312 0.693484
0.751221 0.808176 0.70387
0.5492 0.769177 0.640007
0.627764 0.881965 0.647656
0.65021 0.88102 0.623584
0.425743 0.720037 0.56191
0.442578 0.766659 0.52767
0.509918 0.555222 0.501573
0.414519 0.487813 0.485145
0.537976 0.535564 0.592171
0.734386 0.615174 0.705694
0.543588 0.69106 0.611487
0.51553 0.647527 0.581295
0.756833 0.644101 0.667818
0.756833 0.632434 0.697324
0.739998 0.614018 0.670624
0.711939 0.654425 0.595004
0.560423 0.678771 0.564649
0.689492 0.663107 0.614609
0.773668 0.714843 0.6853
0.739998 0.712478 0.736999
0.728774 0.69986 0.75077
0.678269 0.678696 0.74062
0.728774 0.665594 0.781566
0.970077 0.674144 0.874077
1.19454 0.716232 0.868308
0.605317 0.437544 0.641612
0.307897 0.294547 0.375753
0.18444 0.228011 0.225041
0.279838 0.238246 0.289492
0.425743 0.43446 0.441497
0.431354 0.563282 0.50491
0.509918 0.53303 0.501108
0.5492 0.448228 0.527964
0.610929 0.461212 0.603253
0.498695 0.499456 0.579782
0.375237 0.451975 0.455081
0.408907 0.455606 0.36426
0.414519 0.401365 0.343572
0.223721 0.360139 0.280446
0.128323 0.228864 0.199181
0.173216 0.127609 0.110878
0.010477 0.0849706 0.041607
0.105876 -0.0399689 0.00989096
0.0778174 -0.0213347 0.0580169
0.161993 0.149297 0.118667
0.145158 0.119962 0.155768
0.145158 0.177464 0.160036
0.178828 0.219688 0.172984
0.066594 0.107005 0.203775
0.201275 0.0792977 0.187322
0.21811 0.0403836 0.146123
0.0217004 0.0292612 0.0874247
0.0273121 0.00995592 0.096466
0.0441472 0.0259825 0.169781
-0.0175814 0.0101731 0.220416
0.122711 -0.0107393 0.232405
0.341567 -0.00123408 0.124598
0.161993 -0.132502 0.00587426
-0.0680867 -0.242228 -0.103887
-0.320613 -0.308829 -0.161159
-0.247661 -0.309634 -0.0993457
-0.0231931 -0.190836 -0.0134612
-0.208379 -0.136345 -0.0625125
-0.601198 -0.155263 -0.307754
-0.825666 -0.265762 -0.513725
-0.808831 -0.471107 -0.708283
-1.05575 -0.831188 -0.883517
-1.11747 -1.00321 -1.06424
-1.05575 -1.07336 -1.10969
-0.954735 -1.07573 -0.980158
-0.965958 -0.994445 -0.758644
-0.881783 -0.72835 -0.655738
-1.07258 -0.695819 -0.740305
-1.06697 -0.908227 -0.815341
-1.05575 -0.857276 -0.83464
-1.13992 -0.838606 -0.865073
-1.04452 -0.874407 -1.02924
-1.07819 -1.15421 -1.15593
-0.859336 -1.14171 -0.990889
-0.60681 -0.933542 -0.820666
-0.662927 -0.962168 -0.833133
-0.904229 -1.05055 -0.8664
-0.797607 -1.0506 -0.811177
-0.870559 -1.00954 -0.7119
-0.831277 -0.961739 -0.697371
-0.70782 -1.03626 -0.764182
-1.05575 -1.08822 -0.851517
-1.08942 -1.02978 -0.968937
-1.18481 -1.24808 -1.00213
-0.915453 -1.2961 -0.921354
-0.831277 -1.2604 -0.852283
-0.719043 -1.25294 -0.936262
-1.1287 -1.29963 -1.20442
-1.44856 -1.43912 -1.40439
-1.34755 -1.55497 -1.48982
-1.30266 -1.67245 -1.53367
-1.31949 -1.65148 -1.29754
-0.455294 -1.31565 -0.960008
-0.735879 -1.27419 -0.861718
-0.915453 -1.2955 -0.894297
-0.960346 -1.24063 -0.881966
-0.730267 -1.10917 -0.907586
-0.870559 -1.2608 -0.944466
-0.909841 -1.18265 -0.946496
-1.01085 -1.22808 -0.970061
-1.1792 -1.11516 -1.02126
-1.10064 -1.09828 -1.06942
-0.853724 -1.09576 -1.08364
-0.893006 -1.31499 -1.12602
-0.898618 -1.431 -1.12004
-0.803219 -1.38105 -1.09175
-1.06136 -1.3665 -1.16055
-1.2746 -1.42563 -1.28906
-1.16798 -1.44609 -1.45538
-1.38684 -1.6425 -1.58348
-1.35317 -1.79458 -1.67094
-1.5608 -1.85136 -1.72222
-1.58324 -1.79788 -1.58922
-1.19043 -1.55141 -1.44058
-1.48785 -1.56407 -1.42064
-1.39806 -1.4228 -1.46868
-1.6562 -1.36993 -1.59398
-1.78527 -1.49735 -1.63943
-1.80771 -1.46218 -1.58887
-1.79649 -1.43141 -1.5794
-1.8021 -1.35352 -1.60149
-1.75721 -1.52324 -1.56443
-1.59447 -1.56587 -1.40272
-1.41489 -1.2797 -1.16079
-0.9379 -1.14521 -0.985311
-1.12309 -1.29507 -0.983568
-1.02769 -1.24748 -1.15066
-1.01646 -1.29893 -1.23698
-1.14553 -1.47003 -1.34645
-1.29144 -1.60471 -1.48912
-1.34194 -1.66212 -1.51681
-0.954735 -1.61649 -1.2449
-0.539469 -1.35956 -0.92996
-0.702208 -1.2978 -0.793325
-0.814442 -1.15593 -0.842335
-0.831277 -1.17158 -0.982025
-0.870559 -1.28468 -1.18221
-1.15114 -1.54492 -1.3578
-1.43734 -1.68419 -1.48693
-1.45979 -1.67651 -1.51412
-1.49907 -1.64714 -1.50208
-1.53274 -1.63371 -1.55109
-1.60008 -1.67927 -1.63186
-1.58324 -1.70865 -1.68917
-1.58324 -1.72667 -1.67027
-1.31949 -1.7192 -1.48834
-0.893006 -1.63057 -1.28202
-0.702208 -1.56026 -1.15654
-0.932288 -1.52405 -1.1202
-0.820054 -1.50884 -0.990569
-0.545081 -1.42769 -0.889442
-0.646091 -1.43465 -0.908437
-0.965958 -1.3976 -0.966804
-0.870559 -1.36899 -1.05834
-1.16237 -1.36641 -1.14375
-1.21848 -1.34961 -1.14683
-1.29144 -1.36974 -1.21598
-1.29705 -1.3682 -1.3127
-1.10064 -1.40273 -1.34281
-1.33633 -1.43166 -1.34051
-1.33633 -1.38554 -1.39204
-1.41489 -1.40881 -1.42016
-1.29705 -1.37737 -1.35678
-1.1287 -1.33126 -1.30804
-1.10625 -1.35734 -1.17441
-0.573139 -1.27664 -0.792377
-0.219603 -1.16499 -0.485588
-0.197156 -1.07108 -0.505861
-0.483352 -1.02665 -0.669977
-0.421624 -1.06789 -0.67125
-0.0736984 -0.913455 -0.600715
-0.690985 -0.849739 -0.798927
-0.831277 -0.917758 -0.989878
-0.915453 -0.910658 -0.974744
-0.752714 -0.811639 -0.815194
-0.623645 -0.78491 -0.720576
-0.528246 -0.832354 -0.644934
-0.219603 -0.806839 -0.542633
-0.331836 -0.610436 -0.493662
-0.556304 -0.654488 -0.617094
-0.567528 -0.824368 -0.654273
-0.567528 -0.745663 -0.692684
-0.483352 -0.790765 -0.721246
-0.623645 -0.788614 -0.654076
-0.517022 -0.725304 -0.540767
-0.270108 -0.644345 -0.408844
-0.281331 -0.507022 -0.402148
-0.359895 -0.49629 -0.455659
-0.315001 -0.314586 -0.469174
-0.281331 -0.281765 -0.446779
-0.44407 -0.483353 -0.490148
-0.326225 -0.482607 -0.447303
-0.14665 -0.343476 -0.261574
0.0609823 -0.173237 -0.0816774
-0.0119697 -0.15809 -0.0265803
-0.0905335 -0.118516 -0.0526851
-0.0736984 -0.140784 -0.114064
-0.118592 -0.206145 -0.146347
0.122711 -0.171579 -0.0706406
0.173216 -0.0462538 -0.0167219
0.100264 -0.0897546 0.0460542
0.173216 -0.0143608 0.117431
0.111488 0.0514981 0.0923372
0.066594 0.0389429 0.0732619
0.240557 0.0383473 0.122213
0.212498 0.0648422 0.138875
0.178828 0.0411298 0.217926
0.234945 0.209445 0.339519
0.358402 0.287739 0.337786
0.229333 0.205225 0.247334
0.380849 0.0404766 0.212882
0.291062 0.00663032 0.23901
0.31912 0.0764956 0.235718
0.234945 -0.0388989 0.109879
-0.0680867 -0.124802 -0.0707783
-0.0288048 -0.121208 -0.0648534
0.010477 -0.0651195 0.0639601
0.28545 0.187179 0.185728
0.206886 0.237983 0.184445
0.150769 0.265188 0.171655
0.229333 0.238756 0.271058
0.470636 0.311045 0.422676
0.498695 0.3974 0.552846
0.638987 0.498827 0.670553
0.768056 0.619974 0.756211
0.768056 0.634554 0.801093
1.04303 0.602329 0.755846
0.711939 0.399022 0.60449
0.5492 0.387162 0.497573
0.408907 0.363357 0.470474
0.386461 0.345001 0.40781
0.459413 0.43417 0.437473
0.571647 0.561737 0.622311
0.745609 0.688579 0.767492
0.560423 0.741731 0.720831
0.622152 0.696151 0.682304
0.739998 0.682511 0.726222
0.953242 0.719207 0.796409
0.728774 0.742569 0.755725
0.307897 0.675211 0.499758
0.380849 0.454737 0.344154
0.291062 0.390885 0.246
0.156381 0.359206 0.223896
0.341567 0.449551 0.362946
0.476248 0.667654 0.55757
0.84662 0.870137 0.808697
0.841008 0.970224 0.925229
0.661434 0.759678 0.78622
0.594093 0.713732 0.636934
0.683881 0.775957 0.633815
0.768056 0.798035 0.727789
0.88029 0.843944 0.83675
0.908348 0.975793 0.890211
0.986912 0.929849 0.843457
0.667045 0.69408 0.698157
0.65021 0.70979 0.583678
0.734386 0.633486 0.628887
0.84662 0.738845 0.749708
0.91396 0.837612 0.830442
0.885902 0.837013 0.877214
1.10476 0.854904 0.940732
1.14404 0.935928 1.01669
1.27872 1.01528 1.11803
1.22822 1.05709 1.13971
0.818561 0.966286 0.947188
0.790503 0.916701 0.831705
0.992524 0.965655 0.954713
1.04303 1.05918 1.13006
1.37412 1.15437 1.19148
0.992524 1.0445 1.05438
0.874678 1.00603 0.926049
0.902737 0.974306 0.947909
0.869067 1.03477 0.964225
0.745609 1.05412 0.803765
0.723162 0.991148 0.601363
0.818561 0.831722 0.603212
0.762444 0.924014 0.76982
0.796115 1.03782 0.894554
0.869067 1.00902 0.933576
0.942019 1.09103 0.971826
0.897125 0.983444 0.918285
0.930795 0.920608 0.912516
1.05986 0.919177 0.951221
1.09353 0.900258 0.990848
1.06548 0.950401 0.981058
1.12159 1.02088 1.05626
1.26189 1.11753 1.21136
1.35728 1.22703 1.36324
1.4134 1.25259 1.41084
1.318 1.25702 1.39909
1.43585 1.23909 1.42189
1.58736 1.25659 1.46114
1.55931 1.34825 1.46231
1.52002 1.37116 1.47676
1.39657 1.30195 1.47487
1.39095 1.29426 1.37312
1.28994 1.22969 1.2627
1.35167 1.19918 1.20479
1.27872 1.20618 1.20933
1.23383 1.18947 1.2017
1.1721 1.19274 1.12521
1.29556 1.17044 1.10417
1.34045 1.21589 1.22646
1.43585 1.32963 1.3585
1.48074 1.31016 1.43731
1.42462 1.32034 1.42505
1.41901 1.28841 1.34963
1.40779 1.27646 1.33408
1.35728 1.26583 1.35365
1.45829 1.28029 1.38469
1.46952 1.32932 1.41129
1.45829 1.36901 1.43022
1.50319 1.38582 1.43026
1.41901 1.31075 1.41039
1.2675 1.31341 1.35837
1.42462 1.33706 1.38393
1.53125 1.39159 1.50545
1.64909 1.39883 1.6244
1.24505 1.48885 1.53174
1.2226 1.3463 1.33006
1.10476 1.29459 1.1818
1.16087 1.33306 1.13506
1.20016 1.29473 1.22182
1.30117 1.32629 1.31241
1.32923 1.28311 1.34004
1.13282 1.25969 1.31167
1.30117 1.26605 1.30417
1.318 1.21371 1.28731
1.25066 1.14915 1.26611
1.0767 1.17106 1.22888
1.1272 1.21709 1.23242
1.20016 1.26515 1.21152
1.15526 1.2079 1.16178
1.09915 1.21185 1.10613
1.09353 1.16907 1.07993
1.11037 1.19498 1.10266
1.14965 1.25629 1.20377
1.34045 1.29228 1.23913
0.953242 1.29694 1.16732
0.970077 1.26655 1.0905
1.30117 1.28276 1.12927
1.49758 1.30267 1.26194
1.4134 1.30998 1.31559
1.33484 1.22216 1.2454
1.20016 1.05257 1.10831
1.09915 1.02723 1.032
1.03181 0.96889 1.02261
0.992524 0.960464 1.00007
0.953242 0.98341 1.01249
0.986912 1.01094 1.01932
0.992524 0.976295 1.02795
1.02619 0.912926 1.02239
0.953242 0.946481 0.995903
0.936407 0.914624 0.944691
0.9813 0.886312 0.903508
0.958854 0.863371 0.889752
0.9813 0.872924 0.912661
0.992524 0.911303 0.937047
0.958854 0.901222 0.940062
0.9813 0.872141 0.960413
0.9813 0.885368 1.02309
1.12159 0.932013 1.08297
1.25066 0.966937 1.10821
1.02619 0.856533 1.02722
1.03181 0.742541 0.935689
0.925184 0.695387 0.883362
0.953242 0.712617 0.785844
0.711939 0.654424 0.711963
0.661434 0.660327 0.656191
0.644599 0.715576 0.706432
0.745609 0.776366 0.739078
0.459413 0.703058 0.62981
0.51553 0.591602 0.563418
0.605317 0.632519 0.577354
0.459413 0.685431 0.576072
0.61654 0.581642 0.561364
0.465024 0.436729 0.492562
0.5492 0.414302 0.410066
0.459413 0.400251 0.424137
0.347179 0.435623 0.449579
0.375237 0.4729 0.430521
0.465024 0.440663 0.4373
0.594093 0.443882 0.475294
0.420131 0.511065 0.412913
0.588482 0.391514 0.399872
0.358402 0.306574 0.352397
0.347179 0.229806 0.333809
0.240557 0.27608 0.37193
0.661434 0.40744 0.562089
0.992524 0.588665 0.699088
0.5492 0.64604 0.573435
0.117099 0.51331 0.323172
0.0834291 0.235591 0.157771
-0.0400282 0.0371372 0.0395226
0.0385355 -0.0674821 -0.0270779
0.0497589 -0.0613352 0.0393469
0.190051 0.028749 0.158342
0.066594 0.0410287 0.0683168
-0.242049 -0.145665 -0.135628
-0.337448 -0.122852 -0.184912
-0.208379 0.0490714 -0.112946
-0.141039 -0.0418387 -0.112843
-0.0288048 -0.079849 -0.12545
-0.169097 -0.109 -0.0972251
-0.0568633 -0.10212 0.00478715
0.178828 -0.0604701 0.0233706
-0.0849218 -0.0385006 -0.0337721
-0.0905335 -0.0420851 -0.0381765
-0.0512516 0.0383789 0.0112819
0.00486534 0.0490739 0.0761468
-0.0456399 0.0622725 0.139788
-0.0512516 0.02016 0.0503462
-0.000746356 0.0716888 -0.0824954
-0.101757 -0.00221184 -0.119875
-0.0568633 -0.0603587 -0.0803128
0.0217004 -0.0854683 -0.0119626
-0.00635805 -0.0389565 0.0756493
0.122711 0.0102595 0.174771
0.240557 0.0555836 0.213509
0.139546 0.0684084 0.101212
-0.124204 -0.0983552 0.0234777
0.206886 -0.153387 0.0277895
-0.213991 -0.124308 -0.0633581
0.0385355 -0.169636 -0.0588421
0.0553706 -0.0707867 -0.0210705
0.195663 -0.143793 -0.128488
-0.292555 -0.46084 -0.455033
-0.769549 -0.743503 -0.786042
-0.904229 -0.809818 -0.943075
-0.758325 -0.669944 -0.820808
-0.533857 -0.659603 -0.642472
-0.528246 -0.701336 -0.582492
-0.449682 -0.718191 -0.533448
-0.505799 -0.73869 -0.618338
-0.848112 -0.775961 -0.84193
-0.881783 -0.843372 -0.992543
-1.04452 -0.928134 -1.0448
-0.988405 -0.867286 -0.981587
-0.786384 -0.76239 -0.821324
-0.982793 -0.799732 -0.822367
-1.06697 -0.733043 -0.824597
-0.988405 -0.715239 -0.824244
-0.853724 -0.469454 -0.73471
-0.893006 -0.562317 -0.661476
