0.773668 0.710606 0.777471
0.841008 0.759872 0.749211
0.784891 0.825913 0.742817
0.897125 0.84712 0.720971
0.869067 0.850328 0.801715
0.784891 0.796076 0.785041
0.599705 0.732155 0.704786
0.667045 0.807292 0.72507
0.711939 0.904172 0.755846
0.711939 1.00363 0.811817
0.885902 1.0256 0.871685
0.88029 0.991266 0.815984
0.420131 0.814086 0.673604
0.420131 0.80953 0.564331
0.487471 0.623913 0.605919
0.560423 0.548961 0.604785
0.453801 0.452338 0.469141
0.358402 0.452342 0.401386
0.28545 0.475254 0.400479
0.358402 0.367326 0.440933
0.504306 0.430616 0.52871
0.509918 0.565279 0.581553
0.31912 0.499338 0.399266
0.066594 0.209495 0.215266
0.100264 0.282837 0.230964
0.526753 0.497055 0.387077
0.386461 0.495934 0.432575
0.414519 0.3979 0.468421
0.751221 0.433426 0.567227
0.857843 0.453101 0.544619
0.358402 0.455049 0.380232
0.0273121 0.438565 0.270126
0.246168 0.302056 0.295057
0.487471 0.243394 0.401594
0.521141 0.378414 0.34979
0.100264 0.0767457 0.118628
-0.141039 -0.0674476 -0.0783236
-0.0961452 -0.0627674 -0.102703
-0.0849218 -0.110816 0.0028967
-0.0175814 0.130188 -0.062908
-0.326225 -0.235576 -0.224232
-0.337448 -0.276386 -0.261036
-0.0288048 -0.0660927 -0.116793
0.0160887 0.180415 0.0670553
0.240557 0.114672 0.100584
-0.14665 -0.187725 -0.081926
-0.371118 -0.351715 -0.224519
-0.197156 -0.37739 -0.197547
-0.0793101 -0.236878 -0.147147
-0.275719 -0.228991 -0.148501
-0.331836 -0.111198 -0.186047
-0.208379 -0.0732146 -0.136349
-0.0512516 -0.0511321 -0.0984944
0.0329238 -0.135401 -0.0583987
0.167605 -0.292436 -0.0777083
0.0834291 -0.305006 -0.152415
-0.169097 -0.227118 -0.27845
-0.129815 -0.293005 -0.322616
-0.202767 -0.357235 -0.348749
-0.169097 -0.343207 -0.443941
-0.584363 -0.604373 -0.583299
-0.657315 -0.734965 -0.65835
-0.67415 -0.675341 -0.600655
-0.634868 -0.496458 -0.551601
-0.612421 -0.571599 -0.602443
-0.898618 -0.63166 -0.67592
-0.965958 -0.644111 -0.687847
-0.870559 -0.520655 -0.626258
-0.915453 -0.447249 -0.596555
-0.836889 -0.461911 -0.56024
-0.77516 -0.451239 -0.510945
-0.758325 -0.46852 -0.525786
-0.662927 -0.599195 -0.540231
-0.60681 -0.521063 -0.655638
-0.651703 -0.74719 -0.848611
-1.22971 -1.33265 -1.17381
-1.37561 -1.37215 -1.46663
-1.61691 -1.3256 -1.52669
-1.78527 -1.26149 -1.51978
-1.79088 -1.35498 -1.49674
-1.5608 -1.21638 -1.48793
-1.61691 -1.32082 -1.29224
-1.24093 -1.07997 -1.09467
-1.19043 -0.967328 -1.09914
-1.56641 -1.04854 -1.21818
-1.43734 -0.931993 -1.42478
-1.51029 -1.36554 -1.51022
-1.65059 -1.3673 -1.56923
-1.93678 -1.41296 -1.54433
-1.75721 -1.352 -1.37735
-1.19604 -1.15456 -1.1878
-1.23532 -0.981644 -1.11147
-1.06697 -0.808886 -1.04484
-1.11747 -1.00114 -1.07395
-1.39806 -1.11808 -1.21053
-1.25777 -1.13549 -1.31202
-1.40928 -1.21021 -1.25709
-1.49907 -1.31708 -1.31894
-1.67864 -1.33479 -1.482
-1.64497 -1.43399 -1.53017
-1.00524 -1.49052 -1.41091
-0.977182 -1.42207 -1.30694
-1.39806 -1.41646 -1.39881
-1.70109 -1.52511 -1.53639
-1.75721 -1.52899 -1.6557
-1.88628 -1.51135 -1.7677
-1.89189 -1.62153 -1.7719
-1.78527 -1.69836 -1.79725
-1.87505 -1.75699 -1.86079
-1.94239 -1.81342 -1.84518
-1.90311 -1.859 -1.78409
-1.72354 -1.80456 -1.69836
-1.43173 -1.85193 -1.63076
-1.42051 -1.84009 -1.63219
-1.67864 -1.81024 -1.66357
-1.90311 -1.78955 -1.63821
-1.76843 -1.5458 -1.60985
-1.71231 -1.51222 -1.65413
-1.60569 -1.78636 -1.66037
-2.00973 -1.76475 -1.74783
-2.06024 -1.75168 -1.80066
-2.01535 -1.55304 -1.82156
-1.76843 -1.70314 -1.85582
-1.86944 -1.96469 -1.94366
-2.08269 -2.041 -2.00953
-1.93117 -1.99371 -1.88208
-1.98168 -1.79484 -1.77038
-1.8975 -1.61365 -1.73555
-1.93678 -1.65186 -1.72444
-1.85261 -1.57856 -1.69899
-1.79649 -1.66538 -1.72345
-1.948 -1.72611 -1.78135
-1.85822 -1.69711 -1.65287
-1.83016 -1.42183 -1.51765
-1.5159 -1.20367 -1.38623
-1.34755 -1.37343 -1.33186
-1.61691 -1.48618 -1.29707
-1.63936 -1.29671 -1.24624
-1.38684 -0.99734 -1.17258
-1.14553 -1.19057 -1.21604
-1.34755 -1.40453 -1.29696
-1.71231 -1.37216 -1.39356
-1.61691 -1.20912 -1.35686
-1.07258 -1.33828 -1.30609
-1.00524 -1.53224 -1.22577
-0.853724 -1.41631 -1.04222
-0.758325 -1.31026 -1.03642
-0.960346 -1.34398 -1.21246
-1.28021 -1.3629 -1.3542
-1.21287 -1.32791 -1.30795
-1.2746 -1.36129 -1.28986
-1.35878 -1.30564 -1.31621
-1.42051 -1.24341 -1.33517
-1.24654 -1.21455 -1.32551
-1.20165 -1.43902 -1.38349
-1.39806 -1.51082 -1.47439
-1.39806 -1.4698 -1.54135
-1.51029 -1.47388 -1.39108
-1.21848 -1.30052 -1.33622
-1.09503 -1.46392 -1.36667
-1.26338 -1.5073 -1.44905
-1.2746 -1.4469 -1.34291
-1.10064 -1.28535 -1.14732
-1.19043 -1.12883 -1.08024
-1.16798 -0.935508 -1.09442
-1.06136 -0.88354 -1.08702
-1.17359 -1.08788 -1.04909
-1.13992 -1.06158 -1.02121
-1.03891 -0.969059 -1.06781
-1.10625 -0.971144 -1.15108
-1.15114 -1.04406 -1.13535
-1.07819 -0.945606 -1.04977
-0.893006 -0.771031 -0.95331
-0.803219 -0.656229 -0.762625
-0.500187 -0.47617 -0.625965
-0.786384 -0.807111 -0.720271
-0.803219 -0.90362 -0.773041
-0.618033 -0.783679 -0.68126
-0.735879 -0.706956 -0.635722
-0.60681 -0.807092 -0.776368
-0.859336 -0.992047 -0.948736
-0.831277 -1.02225 -0.974764
-0.921065 -0.874244 -0.850066
-0.690985 -0.682865 -0.688473
-0.612421 -0.560027 -0.595979
-0.685373 -0.537345 -0.595875
-0.662927 -0.525607 -0.573593
-0.533857 -0.445137 -0.428859
-0.354283 -0.240959 -0.252796
-0.230826 -0.117991 -0.143908
-0.247661 -0.130038 -0.191756
-0.247661 -0.273097 -0.270417
-0.185932 -0.347609 -0.333419
-0.387953 -0.381438 -0.381955
-0.197156 -0.313093 -0.378678
-0.399177 -0.386189 -0.444923
-0.623645 -0.393679 -0.554734
-0.702208 -0.608747 -0.632971
-0.612421 -0.605829 -0.628581
-0.595586 -0.480113 -0.581969
-0.286943 -0.357774 -0.454073
-0.320613 -0.225832 -0.330158
-0.292555 -0.196272 -0.230503
-0.0400282 -0.0853982 -0.188316
0.010477 -0.0363155 -0.109951
0.0722057 -0.0316157 0.00514799
-0.0175814 0.221926 0.0114046
-0.0400282 0.219369 -0.0648546
-0.292555 -0.028176 -0.228541
-0.399177 -0.251198 -0.380457
-0.393565 -0.318516 -0.399927
-0.427235 -0.265817 -0.347751
-0.247661 -0.282312 -0.210226
-0.0905335 -0.100647 0.0308221
0.105876 0.338491 0.240351
0.223721 0.498727 0.330249
0.229333 0.264893 0.194035
0.0441472 0.0879513 0.00925011
-0.0119697 -0.00381437 -0.0404836
0.0217004 0.11386 0.00335888
0.0553706 0.178892 0.0735953
0.122711 0.159454 0.240379
0.352791 0.438093 0.406086
0.521141 0.674294 0.504079
0.352791 0.569742 0.382905
0.234945 0.272648 0.317639
0.448189 0.309711 0.383729
0.364014 0.294798 0.379624
0.521141 0.37159 0.512689
0.841008 0.623985 0.626503
0.448189 0.629203 0.463482
0.167605 0.479395 0.332441
0.263003 0.577748 0.347678
0.190051 0.551103 0.378345
0.375237 0.49923 0.315106
0.111488 0.412026 0.163777
0.257392 0.321546 0.159657
0.28545 0.282676 0.242932
0.425743 0.41654 0.363311
0.470636 0.537611 0.48855
0.5492 0.692269 0.51879
0.532365 0.645281 0.501951
0.48186 0.664502 0.493787
0.526753 0.570697 0.508683
0.554812 0.514569 0.561505
0.442578 0.598456 0.563951
0.560423 0.668993 0.517945
0.448189 0.681067 0.507729
0.487471 0.662992 0.553246
0.588482 0.547698 0.555197
0.661434 0.511048 0.611445
0.706327 0.643281 0.675549
0.824173 0.607867 0.699808
0.711939 0.568243 0.648828
0.779279 0.532368 0.630189
0.885902 0.690067 0.808352
1.07109 0.982046 0.943474
0.65021 0.937136 0.794676
0.5492 0.822309 0.749428
0.986912 0.935832 0.876518
0.9813 1.00341 0.881697
0.818561 0.748093 0.829548
0.902737 0.806203 0.813014
0.9813 0.847556 0.85289
0.936407 0.954862 0.988323
1.08231 1.1195 1.20853
1.39657 1.30218 1.30782
0.84662 1.31212 1.10401
0.773668 1.22358 0.944806
0.9813 0.97794 0.93835
1.05425 0.992145 0.941544
0.919572 0.994268 0.930305
0.768056 1.0778 0.892353
0.953242 1.03018 0.970785
0.930795 1.16289 1.10332
0.925184 1.1223 1.05028
0.835396 0.928298 0.90706
0.885902 0.83731 0.873748
0.975689 0.896696 0.994083
1.06548 1.03114 1.09395
1.14965 1.14797 1.13201
1.06548 0.991322 1.18467
1.00375 1.11825 1.18347
0.942019 1.24611 1.05461
0.925184 1.15786 0.995565
0.975689 1.0595 0.99688
0.84662 1.14443 1.0186
0.852231 1.22402 0.999073
0.762444 1.13489 0.936874
0.784891 1.13704 0.975891
0.953242 1.15759 1.06215
1.09353 1.25605 1.15739
1.08231 1.34903 1.17964
1.0767 1.25427 1.176
1.15526 1.19635 1.20271
1.11037 1.22222 1.18562
1.0767 1.24516 1.10653
1.13843 1.21773 1.06496
0.9813 1.2365 1.06296
0.953242 1.27394 1.0516
1.04303 1.20039 1.03127
0.9813 1.13043 1.04415
1.07109 1.09303 1.15842
1.31239 1.27337 1.37138
1.32361 1.43291 1.51121
0.891513 1.44179 1.33876
0.975689 1.35993 1.2063
1.15526 1.29778 1.27746
1.21138 1.25534 1.25864
1.04864 1.22669 1.17506
0.986912 1.20856 1.11116
1.08792 1.32878 1.14094
1.00375 1.40521 1.21508
1.09915 1.44437 1.29298
1.24505 1.36902 1.29754
1.23383 1.21054 1.26257
1.29556 1.19509 1.24145
1.32923 1.27362 1.27045
1.24505 1.32282 1.23732
1.16087 1.20011 1.19229
1.20016 1.21748 1.19939
1.27311 1.23486 1.24031
1.21699 1.26085 1.23908
1.1721 1.23659 1.23546
1.21138 1.25356 1.28361
1.32361 1.29388 1.35003
1.37973 1.3637 1.3634
1.21138 1.39985 1.32383
1.23383 1.35924 1.30947
1.35728 1.34409 1.34988
1.37412 1.29724 1.35206
1.17771 1.25128 1.32745
1.30678 1.22751 1.28354
1.20016 1.22901 1.22051
1.20016 1.19737 1.19494
1.16649 1.24036 1.15141
1.19454 1.17412 1.1864
1.2226 1.19792 1.20671
1.19454 1.2107 1.19919
1.19454 1.22104 1.19039
1.11037 1.16985 1.16728
1.03742 1.14798 1.12604
1.02619 1.15387 1.1085
1.10476 1.21855 1.16471
1.25066 1.21954 1.20547
1.1272 1.19853 1.15312
0.975689 1.09364 1.05182
0.958854 0.99106 0.980152
1.14404 1.01875 1.00186
1.05425 1.0494 1.02994
0.986912 1.05993 0.95879
0.784891 0.948485 0.832827
0.863455 0.92606 0.840855
0.857843 0.938415 0.886668
0.841008 0.957754 0.86555
0.857843 0.952776 0.878315
0.908348 1.07757 0.918837
0.9813 1.06715 0.952192
0.84662 0.978771 0.904284
0.852231 0.973964 0.824748
0.678269 0.917178 0.780962
0.796115 0.807284 0.782503
1.00375 0.779901 0.847892
0.925184 0.90505 0.909232
0.745609 0.929821 0.873507
0.633375 0.814923 0.765103
0.695104 0.746516 0.738698
0.739998 0.835484 0.780974
0.683881 0.956732 0.816348
0.885902 0.911938 0.750454
0.5492 0.809547 0.610682
0.498695 0.669812 0.495298
0.459413 0.585062 0.443765
0.566035 0.535458 0.532521
0.633375 0.583308 0.691622
0.762444 0.72758 0.836289
0.756833 0.859263 0.961637
0.857843 0.91949 1.00125
0.779279 0.899365 0.969351
1.07109 0.828598 0.94486
0.874678 0.787804 0.864896
0.773668 0.833399 0.818826
0.801726 0.818224 0.866378
0.745609 0.867151 0.854909
0.717551 0.859638 0.751098
0.51553 0.56621 0.577822
0.341567 0.400101 0.427972
0.487471 0.426371 0.465515
0.532365 0.489248 0.5885
0.695104 0.492611 0.626353
0.509918 0.478797 0.594545
0.633375 0.572577 0.515384
0.706327 0.430001 0.444105
0.5492 0.355094 0.436067
0.470636 0.414528 0.446031
0.476248 0.37621 0.442778
0.436966 0.278978 0.459521
0.638987 0.26311 0.394563
0.392072 0.123168 0.20976
-0.0849218 -0.0692854 0.0364231
0.0273121 0.0310846 0.0595092
0.229333 0.13501 0.24963
0.0609823 0.268 0.25458
-0.0119697 0.211139 0.141351
-0.0175814 0.0644374 0.0121398
-0.0400282 -0.101251 -0.130298
-0.197156 -0.36546 -0.251782
-0.191544 -0.324064 -0.281304
-0.174709 -0.187774 -0.279269
-0.236438 -0.177509 -0.312271
-0.326225 -0.339538 -0.30182
-0.303778 -0.229012 -0.214356
-0.14665 -0.073939 -0.090699
0.128323 0.00927619 0.0298953
0.128323 -0.0661491 0.00155994
-0.281331 -0.349914 -0.183656
-0.337448 -0.438604 -0.340373
-0.44407 -0.416829 -0.380272
-0.517022 -0.419053 -0.369187
-0.421624 -0.399319 -0.303565
-0.432847 -0.354249 -0.294849
-0.477741 -0.338495 -0.29047
-0.455294 -0.303044 -0.170007
-0.118592 -0.124421 0.00803723
-0.11298 0.0231368 0.0512807
-0.00635805 -0.117672 -0.176721
-0.735879 -0.535104 -0.59856
-0.881783 -0.92262 -0.853005
-0.702208 -0.883018 -0.875373
-0.60681 -0.798512 -0.726208
-0.522634 -0.702898 -0.58272
-0.533857 -0.619627 -0.454354
-0.281331 -0.35169 -0.35043
-0.432847 -0.349638 -0.233077
-0.0905335 -0.0784911 -0.192571
-0.44407 -0.332637 -0.41351
-0.921065 -0.732565 -0.671589
-0.954735 -0.795787 -0.713156
-0.539469 -0.640677 -0.613746
-0.808831 -0.754466 -0.738191
-1.02208 -0.919614 -0.826526
-1.0838 -0.891403 -0.746351
-0.556304 -0.671089 -0.570651
-0.601198 -0.552494 -0.375089
-0.595586 -0.280126 -0.275975
-0.618033 -0.410518 -0.425968
-0.814442 -0.626088 -0.663197
-1.12309 -0.827262 -0.703059
-0.893006 -0.72088 -0.71337
-0.814442 -0.859872 -0.758271
-0.752714 -1.01148 -0.78949
-0.999628 -0.939761 -0.795604
-0.780772 -0.907934 -0.93814
-1.09503 -1.15412 -1.12642
-1.26338 -1.2139 -1.15941
-0.921065 -1.05528 -1.042
-1.11747 -1.01912 -0.942554
-0.719043 -0.914593 -0.845069
-1.14553 -0.887773 -0.956595
-1.33633 -0.942169 -1.09077
-0.949123 -1.08449 -1.20585
-1.15114 -1.48342 -1.30846
-1.15676 -1.46234 -1.37905
-1.21287 -1.27305 -1.29757
-1.48223 -1.16913 -1.15867
-1.26338 -0.968791 -0.998741
-0.842501 -1.02971 -0.955101
-1.08942 -1.41898 -1.07328
-1.28582 -1.46385 -1.19705
-1.03891 -1.47406 -1.22976
-0.842501 -1.44547 -1.18808
-0.561916 -1.43758 -1.24355
-1.24654 -1.46781 -1.26232
-0.808831 -1.41492 -1.05135
-0.949123 -1.24189 -0.984698
-1.00524 -1.25202 -1.12041
-1.13431 -1.27768 -1.22597
-1.28021 -1.40022 -1.36313
-1.65059 -1.57261 -1.4786
-1.69548 -1.63416 -1.58117
-1.90311 -1.65385 -1.61466
-1.72915 -1.56441 -1.57476
-1.73476 -1.4136 -1.58399
-1.85822 -1.52319 -1.59691
-1.97606 -1.69055 -1.5196
-1.77965 -1.40908 -1.357
-1.56641 -1.14054 -1.26769
-1.47662 -1.19245 -1.22106
-1.43734 -1.28076 -1.24641
-1.52713 -1.27132 -1.288
-1.36439 -1.12745 -1.29753
-1.5608 -1.20035 -1.28218
-1.0333 -1.35213 -1.25878
-1.11186 -1.47658 -1.27093
-1.39806 -1.45574 -1.24067
-1.42051 -1.35985 -1.17501
-1.17359 -1.36082 -1.19167
-1.53835 -1.46517 -1.32806
-1.38684 -1.49779 -1.2782
-1.21848 -1.45771 -1.18561
-1.2241 -1.50543 -1.1507
-1.00524 -1.39491 -1.09341
-0.758325 -1.39648 -1.0066
-0.825666 -1.38386 -1.02341
-0.887394 -1.43799 -1.09996
-0.803219 -1.46278 -1.0643
-0.735879 -1.36559 -1.01774
-0.825666 -1.33099 -1.02328
-0.921065 -1.34769 -1.09475
-1.10064 -1.38428 -1.18409
-1.44856 -1.41321 -1.21378
-1.34755 -1.35464 -1.14696
-1.36439 -1.25963 -1.09736
-1.45979 -1.21344 -1.15328
-1.44856 -1.13181 -1.19406
-1.34755 -1.14478 -1.13109
-1.31388 -1.03504 -1.04189
-1.11186 -0.943967 -0.875067
-0.213991 -0.754458 -0.64605
-0.646091 -0.803794 -0.787413
-1.36439 -1.0007 -1.11162
-1.16798 -1.18211 -1.31344
-1.24654 -1.49531 -1.38028
-1.54396 -1.33699 -1.38225
-1.22971 -1.30632 -1.21502
-0.74149 -1.13745 -1.01696
-0.60681 -1.00788 -0.908024
-1.14553 -0.973632 -1.02514
-1.21287 -1.07395 -1.12032
-1.16798 -1.07619 -1.11366
-1.20726 -0.93507 -1.14195
-1.06697 -1.03295 -1.09834
-1.12309 -1.04669 -1.165
-1.04452 -1.13654 -1.20074
-0.881783 -1.16859 -1.15617
-0.831277 -1.12472 -1.09087
-1.16237 -1.11785 -1.0806
-1.11186 -1.04401 -1.08113
-1.07258 -0.984492 -1.00573
-0.657315 -0.894462 -0.843075
-0.747102 -0.72714 -0.661485
-0.589974 -0.576729 -0.585658
-0.702208 -0.591394 -0.706267
-1.07258 -0.646895 -0.928193
-0.870559 -0.822943 -1.01848
-0.842501 -0.854563 -1.03039
-1.08942 -0.683201 -1.0185
-1.01646 -0.748838 -0.949562
-0.780772 -0.880108 -0.892653
-1.12309 -0.843013 -0.99871
-1.09503 -0.855318 -1.02738
-0.97157 -0.728268 -0.913207
-0.623645 -0.640114 -0.854095
-0.522634 -0.819736 -0.808962
-0.298166 -0.733013 -0.70292
-0.432847 -0.626454 -0.643129
-0.460905 -0.615302 -0.594853
-0.286943 -0.551827 -0.547862
-0.511411 -0.486831 -0.543158
-0.494576 -0.433369 -0.564234
-0.432847 -0.495735 -0.577873
-0.601198 -0.527984 -0.562766
-0.416012 -0.510481 -0.585436
-0.533857 -0.575817 -0.622431
-0.460905 -0.506114 -0.601624
-0.303778 -0.414647 -0.556192
-0.466517 -0.417257 -0.499201
-0.393565 -0.335046 -0.289497
0.0609823 0.0249173 -0.0699136
-0.00635805 0.165309 -0.0376352
-0.14665 -0.170333 -0.187597
-0.236438 -0.387554 -0.351226
-0.270108 -0.452617 -0.35573
-0.230826 -0.360206 -0.266348
-0.157874 -0.123705 -0.140565
-0.124204 0.0516383 -0.0746491
-0.0344165 0.0885987 -0.0539265
0.0329238 -0.0141754 -0.0370609
0.0722057 0.0296675 -0.00240029
0.167605 0.042342 0.0788786
0.21811 0.0812015 0.127299
0.133934 0.149713 0.123911
0.18444 0.151055 0.171275
0.397684 0.256536 0.318346
0.397684 0.476582 0.386852
0.392072 0.24235 0.266157
-0.0793101 -0.0735593 0.0750174
-0.0119697 0.11695 0.0703409
0.274227 0.358507 0.207863
0.414519 0.394531 0.408772
0.465024 0.556449 0.45671
0.257392 0.218683 0.367393
0.493083 0.284766 0.434239
0.667045 0.475929 0.640583
1.03742 0.611549 0.802656
0.487471 0.532559 0.634001
0.139546 0.307907 0.377574
0.386461 0.389224 0.347491
0.442578 0.536017 0.423077
0.414519 0.59053 0.428933
0.622152 0.510312 0.432014
0.605317 0.466791 0.420427
0.453801 0.449732 0.358042
0.476248 0.422399 0.35144
0.470636 0.449095 0.375276
0.504306 0.46472 0.429851
0.610929 0.526848 0.490052
0.594093 0.45637 0.493532
0.700716 0.373078 0.510203
0.627764 0.490782 0.48982
0.655822 0.57036 0.480849
0.667045 0.594209 0.534475
0.756833 0.731282 0.689861
1.02619 0.810845 0.740363
0.953242 0.683986 0.761255
1.02619 0.731995 0.882683
1.1721 0.847076 1.06601
1.16649 1.07774 1.15002
0.897125 1.15155 0.97128
0.498695 0.849931 0.708248
0.532365 0.813303 0.61231
0.65021 0.869452 0.636797
0.65021 0.855465 0.741595
0.509918 1.00572 0.811486
0.622152 0.932091 0.745255
0.588482 0.74535 0.738835
0.723162 0.811861 0.773944
0.835396 0.821241 0.755248
0.841008 0.789301 0.833387
0.91396 0.863023 0.978963
1.02619 1.07776 1.07321
1.09915 1.13375 1.05776
1.02058 1.07352 1.03431
0.897125 1.05592 0.951509
1.10476 0.861776 0.931429
1.04864 0.769986 0.895431
0.998136 0.886103 0.918437
1.18893 1.00234 1.02479
1.2226 1.05256 1.12881
1.38534 1.15007 1.22188
1.13843 1.25227 1.26633
0.992524 1.31233 1.08671
0.902737 1.11149 0.857898
0.897125 0.868728 0.857063
0.94763 0.978975 1.01472
1.04864 1.08748 1.09632
0.908348 1.09443 1.01835
1.00375 0.981365 0.971228
1.06548 1.03492 1.05017
1.27311 1.13587 1.18389
1.32361 1.16427 1.27097
1.35728 1.11209 1.28676
1.37412 1.14142 1.26887
1.35728 1.18843 1.27736
1.37412 1.15801 1.252
1.16087 1.1565 1.15308
1.14404 1.04516 1.10458
1.29556 1.10529 1.19521
1.32923 1.26567 1.32868
1.318 1.35198 1.32732
1.09353 1.28038 1.18233
1.09915 1.18172 1.11534
1.18332 1.28627 1.19111
1.2226 1.36938 1.29147
1.34045 1.35879 1.29723
1.35167 1.27417 1.28103
1.18893 1.16105 1.24372
1.20577 1.13212 1.14007
1.06548 1.13714 1.09956
1.14965 1.17319 1.12822
1.14404 1.12386 1.1862
1.318 1.21992 1.32335
1.43024 1.31102 1.44704
1.56492 1.36462 1.46388
1.39095 1.35577 1.38414
1.28994 1.30973 1.34388
1.28433 1.35977 1.31867
1.32361 1.27979 1.2958
1.28994 1.25383 1.21384
1.16649 1.20062 1.17531
1.24505 1.22234 1.20995
1.29556 1.24433 1.24856
1.27311 1.24763 1.24988
1.2675 1.24956 1.25618
1.31239 1.30249 1.29303
1.318 1.29449 1.32467
1.25627 1.35329 1.32057
1.29556 1.34979 1.332
1.14404 1.33845 1.25397
0.975689 1.29426 1.1146
0.975689 1.21947 1.04561
0.998136 1.19201 1.07923
1.03181 1.27021 1.09401
1.07109 1.30869 1.08786
1.16649 1.26185 1.12425
1.25066 1.19718 1.19551
1.21699 1.24696 1.19511
1.32361 1.30436 1.21067
1.34606 1.3071 1.27758
1.36851 1.34371 1.29619
1.18893 1.31571 1.22868
1.15526 1.22407 1.1888
0.986912 1.2158 1.14986
1.05425 1.28057 1.05194
0.908348 1.12027 0.950657
1.05425 1.05608 0.95785
1.03742 1.10197 1.00052
0.975689 1.1218 1.02005
0.953242 1.1194 1.07426
1.17771 1.19768 1.17824
1.19454 1.21241 1.24503
1.08231 1.23872 1.23691
1.11037 1.28236 1.1735
1.03181 1.18684 1.13108
1.00936 1.11269 1.09517
0.796115 1.10245 0.98037
0.728774 1.05004 0.819898
0.723162 1.00803 0.784676
0.908348 0.938265 0.85563
1.01497 0.92132 0.943219
1.05425 0.959377 0.994177
1.03181 1.00909 1.02425
1.09353 1.01288 1.01673
1.11037 1.01625 0.981277
1.05986 1.02657 0.992748
1.02619 1.02645 1.01495
1.03742 1.01579 1.02642
1.04303 1.06432 0.977854
0.94763 1.01637 0.875258
0.790503 0.915148 0.794725
0.756833 0.818829 0.722468
0.796115 0.729315 0.733643
0.936407 0.747452 0.777159
0.768056 0.799269 0.778869
0.745609 0.826871 0.74129
0.638987 0.849657 0.723126
0.801726 0.911959 0.789525
0.857843 0.966835 0.850876
0.790503 1.01426 0.890698
0.953242 0.974339 0.898343
0.768056 0.820893 0.780673
0.509918 0.78118 0.617591
0.633375 0.677001 0.578256
0.453801 0.495046 0.506646
0.335955 0.34561 0.405648
0.436966 0.305703 0.355788
0.431354 0.282736 0.4019
0.476248 0.329777 0.522209
0.498695 0.496488 0.581554
0.380849 0.50939 0.511502
0.369626 0.380498 0.394583
0.223721 0.26726 0.342872
0.386461 0.401201 0.495633
0.622152 0.559541 0.602536
0.375237 0.482068 0.40057
0.352791 0.218947 0.263847
0.195663 0.128041 0.217272
0.195663 0.208312 0.211148
0.128323 0.250316 0.144832
0.100264 0.148648 0.0718901
0.0441472 0.10513 0.0723965
0.145158 0.172483 0.200018
0.279838 0.302527 0.234377
0.246168 0.228539 0.145244
0.111488 -0.0106419 -0.00209317
0.190051 -0.0830106 -0.0176653
0.156381 0.0117701 0.0287096
0.178828 0.0123417 0.04317
0.0834291 0.00107435 0.0473791
0.00486534 0.141413 0.00749822
-0.0119697 0.0584806 -0.0508596
0.0385355 -0.117558 -0.074377
-0.0400282 -0.150737 -0.0706124
-0.0288048 -0.069248 -0.053744
0.010477 -0.00115921 -0.00466613
0.139546 0.0240517 0.0185423
0.0441472 -0.0406327 0.0335945
0.0385355 -0.0378994 0.100581
0.145158 0.0629231 0.201868
0.302285 0.144632 0.281771
0.28545 0.157115 0.301026
0.128323 0.0307978 0.111077
-0.286943 -0.160053 -0.143167
-0.315001 -0.373973 -0.245782
-0.118592 -0.344065 -0.267609
-0.298166 -0.404857 -0.314142
-0.432847 -0.532096 -0.397106
-0.460905 -0.512574 -0.390974
-0.365507 -0.441207 -0.2278
0.0217004 -0.249983 -0.165673
-0.292555 -0.253111 -0.36433
-0.634868 -0.533286 -0.582851
-0.713432 -0.706698 -0.632776
-0.483352 -0.589596 -0.676798
-0.74149 -0.759406 -0.708245
-0.769549 -0.690368 -0.577672
-0.528246 -0.433325 -0.416072
-0.584363 -0.398738 -0.493895
-0.786384 -0.809982 -0.700901
-0.904229 -0.900563 -0.825999
-0.623645 -0.84893 -0.840641
-0.831277 -0.936064 -0.974291
-1.06136 -1.16442 -1.17398
-1.31949 -1.30635 -1.38946
-1.14553 -1.35958 -1.31936
-0.763937 -1.23494 -1.07455
-0.758325 -1.04508 -0.963623
-0.9379 -1.13905 -0.995519
-0.932288 -1.19381 -1.03831
-1.06697 -1.17999 -1.05652
-1.20165 -1.23534 -1.09611
-1.20726 -1.26578 -1.09572
-1.10625 -1.26287 -1.04389
-1.05013 -1.1245 -0.895469
-0.904229 -0.964206 -0.767191
-1.10625 -1.038 -0.891863
-1.11186 -1.04828 -1.02817
-1.00524 -1.0153 -1.06625
-0.999628 -1.19956 -0.988162
-0.629256 -1.10123 -0.906367
-0.9379 -0.963046 -0.960804
-0.797607 -0.810141 -0.976553
-0.932288 -0.975784 -0.981419
-0.932288 -1.11993 -1.06741
-1.06136 -1.30252 -1.05021
-1.01085 -1.18059 -0.955459
-0.864948 -0.918645 -0.978223
-0.921065 -1.25906 -0.945647
-1.04452 -1.08452 -0.874318
-1.07258 -1.00846 -0.882553
-1.43173 -1.07776 -0.979429
-1.40367 -0.97611 -1.10877
-1.07819 -1.10099 -1.24246
-1.49346 -1.32677 -1.40909
-1.63936 -1.41186 -1.50084
-1.76843 -1.23499 -1.60349
-1.60008 -1.52054 -1.55971
-1.53274 -1.47809 -1.49514
-1.48223 -1.34474 -1.5652
-1.54396 -1.44864 -1.57605
-1.6113 -1.5254 -1.47112
-1.29705 -1.40579 -1.33214
-1.32511 -1.40043 -1.40592
-1.28582 -1.62469 -1.42208
-1.0838 -1.58643 -1.41061
-1.35878 -1.58781 -1.56791
-1.80771 -1.79698 -1.70997
-1.34194 -1.87579 -1.5395
-0.808831 -1.79039 -1.1649
-0.657315 -1.33436 -0.911307
-0.909841 -1.23051 -0.942829
-0.994017 -1.42363 -1.18049
-1.42612 -1.62146 -1.35898
-1.25777 -1.62402 -1.36269
-1.09503 -1.57519 -1.28992
-1.24654 -1.62739 -1.34095
-1.49907 -1.67113 -1.35252
-1.04452 -1.47571 -1.28943
-1.07819 -1.64978 -1.25892
-1.07258 -1.63381 -1.28658
-1.12309 -1.56873 -1.23503
-0.887394 -1.4184 -1.15772
-0.949123 -1.43931 -1.2057
-0.954735 -1.48211 -1.28661
-1.07258 -1.53768 -1.41362
-1.33072 -1.67446 -1.55266
-1.45979 -1.77314 -1.55932
-1.0333 -1.64582 -1.35001
-0.747102 -1.47919 -1.01387
-0.511411 -1.17262 -0.833069
-0.679762 -1.13291 -0.81597
-0.573139 -1.18718 -0.871056
-0.719043 -1.20798 -0.959277
-0.797607 -1.30275 -1.02325
-0.954735 -1.25912 -1.16482
-1.26338 -1.28527 -1.31528
-1.25215 -1.35174 -1.39146
-1.15676 -1.39059 -1.34904
-1.19043 -1.38735 -1.29676
-1.2746 -1.42566 -1.31074
-1.26899 -1.4436 -1.32492
-1.29144 -1.45127 -1.22439
-1.06697 -1.34915 -1.06651
-0.965958 -1.31099 -0.970674
-0.904229 -1.21939 -1.02702
-1.21848 -1.15531 -1.05691
-1.1792 -1.17166 -1.10264
-1.16798 -1.18006 -1.14863
-0.74149 -1.12263 -1.04959
-0.657315 -1.01213 -0.952411
-0.820054 -1.12847 -0.972
-0.960346 -1.05324 -1.04118
-1.02769 -1.07934 -1.14112
-0.876171 -1.06526 -1.06506
-0.763937 -0.995271 -0.860261
-0.545081 -0.910626 -0.715488
-0.612421 -0.848353 -0.559114
-0.337448 -0.585525 -0.530801
-0.64048 -0.736568 -0.711143
-0.977182 -0.945387 -0.911759
-0.965958 -0.969521 -1.03454
-0.982793 -0.992739 -0.997129
-0.589974 -0.840936 -0.773298
-0.4104 -0.601734 -0.629741
-0.539469 -0.684445 -0.696377
-0.696597 -0.870025 -0.848418
-0.814442 -0.951093 -0.915819
-0.836889 -0.85072 -0.91383
-0.786384 -0.776171 -0.898611
-0.74149 -0.751959 -0.843101
-0.70782 -0.69023 -0.75868
-0.64048 -0.648251 -0.651309
-0.528246 -0.585335 -0.529157
-0.427235 -0.511253 -0.442944
-0.320613 -0.445072 -0.347923
-0.230826 -0.34541 -0.191116
-0.0456399 -0.170003 -0.0463174
0.066594 -0.0181351 0.032099
0.0553706 -0.10276 0.059105
-0.00635805 -0.0343565 -0.0113308
-0.0849218 -0.0806372 -0.0175815
0.145158 0.0120022 -0.00861074
-0.0344165 -0.15353 -0.210765
-0.528246 -0.394484 -0.4475
-0.44407 -0.411251 -0.521817
-0.601198 -0.362266 -0.449725
-0.404788 -0.262849 -0.226538
-0.202767 -0.0666354 -0.0994252
-0.124204 0.0334551 0.00157844
-0.152262 0.0655066 -0.0570301
-0.202767 -0.112016 -0.199468
-0.315001 -0.2012 -0.260634
-0.213991 -0.0943367 -0.218707
-0.14665 0.00596786 -0.205432
-0.225214 -0.0486819 -0.2064
-0.197156 -0.1316 -0.0906561
0.111488 0.176124 0.0392909
-0.230826 0.0307927 -0.0751516
-0.387953 -0.284266 -0.244049
-0.337448 -0.280257 -0.353688
-0.662927 -0.333534 -0.456049
-0.505799 -0.317932 -0.42606
-0.34306 -0.169283 -0.284583
-0.062475 -0.0465056 -0.0737493
0.0160887 0.203745 0.0721742
-0.14665 0.326072 0.191976
0.234945 0.470163 0.345629
0.459413 0.301033 0.414884
0.369626 0.269628 0.348117
0.31912 0.225758 0.332124
0.504306 0.226176 0.332903
0.375237 0.180047 0.246954
0.431354 0.173835 0.211297
0.403296 0.123957 0.220873
0.358402 0.101272 0.208269
0.156381 0.136638 0.20998
0.201275 0.208696 0.277209
0.504306 0.328 0.376382
0.397684 0.317762 0.425705
0.442578 0.431892 0.513088
0.689492 0.579976 0.582241
0.526753 0.579923 0.471468
0.436966 0.332879 0.318019
0.117099 0.21302 0.173246
0.117099 0.215449 0.11366
0.229333 0.176077 0.229151
0.51553 0.416189 0.445302
0.509918 0.585037 0.537897
0.453801 0.498564 0.490496
0.526753 0.496798 0.553664
0.728774 0.632831 0.56374
0.392072 0.49394 0.42472
0.442578 0.481605 0.400005
0.532365 0.639494 0.57467
0.818561 0.755779 0.817927
0.919572 0.973107 0.929226
0.717551 0.856433 0.742392
0.431354 0.667931 0.481253
0.521141 0.606125 0.482403
0.599705 0.692445 0.609212
0.521141 0.792523 0.719753
0.768056 0.839124 0.818125
0.807338 0.970397 0.852701
0.891513 0.991797 0.827135
0.633375 0.863949 0.668835
0.532365 0.604138 0.535638
0.672657 0.662156 0.588999
0.683881 0.816527 0.632837
0.599705 0.763453 0.677546
0.779279 0.805742 0.821541
0.745609 0.983514 0.884805
0.779279 0.925633 0.913488
0.91396 1.02799 0.944932
0.925184 1.06753 0.90106
0.588482 0.981995 0.725881
0.638987 0.88533 0.688409
0.745609 0.917334 0.688295
0.756833 0.845029 0.737402
0.695104 0.868399 0.818826
0.773668 0.880158 0.856033
0.801726 0.938661 0.964513
1.02619 1.04489 1.04534
0.891513 1.07159 0.973807
0.986912 0.949967 0.913855
0.81295 0.802852 0.816926
0.824173 0.885334 0.812406
0.998136 0.993373 0.894169
0.992524 1.12251 0.983768
1.04864 1.08813 1.04847
1.09353 1.05371 1.1343
1.31239 1.10654 1.29596
1.24505 1.23976 1.36358
1.16087 1.33359 1.35676
1.41901 1.30451 1.3723
1.46391 1.2545 1.30975
1.32923 1.12298 1.20785
1.23383 1.13145 1.11776
1.16649 1.13524 1.08437
1.11598 1.12657 1.002
0.91396 1.09221 0.914153
0.958854 1.04016 0.900968
0.863455 1.14343 0.954296
0.94763 1.27728 1.0363
0.852231 1.27416 1.07099
1.12159 1.21233 1.12304
1.13843 1.21084 1.19511
1.27311 1.31709 1.29089
1.1272 1.39179 1.34217
1.14404 1.30395 1.30017
1.16649 1.23518 1.25853
1.21699 1.20194 1.20646
1.31239 1.14351 1.14764
1.26189 1.19148 1.13012
1.18332 1.16266 1.18274
1.13282 1.23759 1.21424
1.27872 1.26859 1.3652
1.44707 1.28701 1.46576
1.53686 1.27236 1.43748
1.39095 1.19261 1.37029
1.38534 1.24841 1.29072
1.29556 1.22611 1.27355
1.32361 1.1824 1.20865
1.27872 1.12614 1.18559
1.25627 1.154 1.20151
1.20577 1.17424 1.239
1.31239 1.20036 1.27534
1.27311 1.23897 1.23647
1.27872 1.29252 1.2293
1.40218 1.20576 1.28999
1.318 1.18235 1.31265
1.39657 1.2535 1.35573
1.46952 1.35123 1.42699
1.39657 1.42854 1.4076
1.2675 1.31219 1.3145
1.20016 1.30314 1.27976
1.2675 1.36309 1.31148
1.28433 1.28443 1.3109
1.18893 1.27053 1.32878
1.2675 1.37963 1.39451
1.318 1.48036 1.43198
1.27872 1.45156 1.41934
1.27872 1.38847 1.36334
1.21699 1.29813 1.28949
1.08231 1.20097 1.239
1.11598 1.16406 1.22097
1.21699 1.18014 1.21953
1.28433 1.21516 1.22945
1.34045 1.1928 1.27441
1.14404 1.19017 1.2082
1.05986 1.13715 1.09444
0.925184 1.04348 1.04809
1.01497 1.0035 1.02189
1.07109 1.06084 1.05927
1.13843 1.12257 1.12619
1.18893 1.14822 1.16401
1.20577 1.18047 1.14679
1.12159 1.15512 1.1244
1.04303 1.12314 1.09275
1.05425 1.1036 1.05908
0.897125 1.09907 1.0269
0.958854 1.06679 1.03495
1.03181 1.09071 1.09555
1.21138 1.07865 1.143
1.18332 1.07032 1.11869
0.992524 1.09343 1.0615
0.970077 1.03866 1.02581
1.02619 0.975111 1.00662
0.964465 0.968204 0.930177
0.925184 0.846934 0.853109
0.891513 0.7689 0.823223
0.796115 0.792736 0.82709
0.773668 0.838623 0.849692
0.807338 0.867941 0.885189
0.841008 0.912331 0.942528
0.986912 0.957707 0.973021
1.06548 0.96283 0.87658
0.599705 0.791759 0.685651
0.521141 0.684824 0.59567
0.594093 0.716199 0.610645
0.633375 0.699777 0.647283
0.633375 0.72106 0.660014
0.661434 0.667081 0.665588
0.723162 0.634793 0.681419
0.661434 0.669933 0.720034
0.829785 0.609315 0.712102
0.655822 0.617535 0.607074
0.335955 0.610667 0.471792
0.352791 0.571485 0.437346
0.476248 0.578571 0.561213
0.465024 0.581191 0.635025
0.605317 0.593258 0.63443
0.779279 0.569379 0.633295
0.818561 0.495391 0.672632
0.633375 0.532713 0.677298
0.571647 0.546795 0.685192
0.61654 0.59287 0.693285
0.801726 0.642073 0.639499
0.566035 0.585964 0.476557
0.139546 0.281619 0.324104
0.246168 0.376585 0.192321
0.21811 0.146486 0.0731801
-0.0288048 -0.0121104 -0.122307
-0.0680867 -0.0103681 -0.156904
-0.0568633 -0.00318635 -8.99273E-05
0.21811 0.108541 0.153222
0.201275 0.257325 0.159921
0.111488 0.167584 0.211156
0.313509 0.13028 0.36655
0.307897 0.218887 0.457615
0.526753 0.235472 0.384397
0.240557 0.126604 0.216599
0.145158 0.0564419 0.119307
0.0497589 0.0127046 0.0328796
0.0553706 -0.0307694 -0.0514519
-0.208379 -0.0764305 -0.141225
-0.163486 -0.174793 -0.122725
0.105876 -0.0906632 0.0647901
0.234945 0.0276189 0.234941
0.18444 0.105896 0.296639
0.190051 0.133241 0.301631
0.18444 0.230752 0.304639
0.223721 0.244112 0.23707
-0.0288048 0.00215156 0.0270821
-0.00635805 -0.0402777 -0.0815569
0.010477 0.0507079 0.0184374
-0.0512516 0.164671 0.107918
-0.0512516 0.0991962 0.0705891
-0.174709 -0.0215825 -0.0456918
-0.247661 -0.115226 -0.0731597
-0.337448 -0.102361 -0.00854101
-0.129815 -0.0472572 0.0736855
-0.062475 -0.0609299 0.124289
0.0722057 -0.0658676 0.203148
0.240557 0.0161485 0.12766
-0.191544 -0.152161 -0.151543
-0.522634 -0.477198 -0.394001
-0.595586 -0.58755 -0.509868
-0.550693 -0.607887 -0.508717
-0.281331 -0.611868 -0.397932
-0.197156 -0.470154 -0.382369
-0.488964 -0.64744 -0.522092
-0.730267 -0.572395 -0.769407
-0.853724 -0.752901 -0.933928
-1.01085 -0.900142 -1.04951
-1.06697 -0.841829 -0.931975
-0.567528 -0.683475 -0.595184
-0.517022 -0.339929 -0.485993
-0.77516 -0.416761 -0.746287
-0.915453 -0.865227 -0.939248
-0.898618 -0.858222 -1.01739
-1.12309 -0.818158 -1.11125
-1.30827 -0.947601 -1.20062
-1.06697 -0.970322 -1.19472
-1.14553 -0.978974 -1.27762
-1.48223 -1.07282 -1.36001
-0.881783 -1.10341 -1.22017
-0.460905 -1.02664 -0.998991
-0.646091 -0.951278 -0.871946
-1.13992 -0.89156 -0.866846
-1.13992 -0.831452 -0.870888
-0.926676 -0.879185 -0.840744
-0.791996 -0.90019 -0.889027
-1.20165 -0.983819 -1.06858
-1.16237 -1.00235 -1.10208
-1.42612 -0.957641 -1.10409
-1.36439 -1.01148 -1.20822
-1.47662 -1.11325 -1.29429
-1.33633 -1.09689 -1.25089
-1.16237 -1.06959 -1.16462
-1.5608 -1.08875 -1.17848
-1.25215 -1.02402 -1.11227
-1.37561 -0.819992 -1.11061
-1.08942 -1.08167 -1.06155
-1.15676 -1.11887 -0.986948
-1.10625 -1.05337 -1.03013
-0.859336 -1.16997 -1.13969
-0.965958 -1.30174 -1.23585
-1.35317 -1.27237 -1.25677
-1.12309 -1.25242 -1.22587
-1.49907 -1.18578 -1.26778
-1.71231 -1.13598 -1.40731
-1.72354 -1.15452 -1.53933
-1.57202 -1.46256 -1.6143
-1.38122 -1.74823 -1.6505
-1.26899 -1.75233 -1.50895
-1.14553 -1.50172 -1.31996
-1.50468 -1.31009 -1.32448
-1.39245 -1.45619 -1.36312
-1.78527 -1.44983 -1.48842
-1.83577 -1.44325 -1.55989
-1.32511 -1.5872 -1.52639
-1.68426 -1.64324 -1.50186
-1.54396 -1.54927 -1.38703
-1.52713 -1.35446 -1.35123
-1.63936 -1.29523 -1.37086
-1.57763 -1.24102 -1.39058
-1.63375 -1.33631 -1.37864
-1.62814 -1.35205 -1.40928
-1.4654 -1.27385 -1.33433
-1.44856 -1.24306 -1.25006
-1.38684 -1.1164 -1.12924
-0.977182 -1.00798 -1.0399
-1.09503 -1.16907 -1.05122
-1.45418 -1.29865 -1.09486
-1.35317 -1.33153 -0.997824
-1.10625 -1.22164 -0.981405
-1.48223 -1.32964 -1.20265
-1.62253 -1.44546 -1.36738
-1.60008 -1.51828 -1.37732
-1.44856 -1.50249 -1.2783
-1.37 -1.38516 -1.30393
-1.36439 -1.41023 -1.25829
-1.20726 -1.31951 -1.05193
-0.488964 -1.24227 -0.846784
-0.960346 -1.25041 -0.807203
-0.999628 -1.29452 -0.871471
-0.831277 -1.30351 -1.08309
-1.44856 -1.48095 -1.29993
-1.49346 -1.59925 -1.49516
-1.47101 -1.62601 -1.58656
-1.45418 -1.59243 -1.57023
-1.44856 -1.64149 -1.51421
-1.45979 -1.64931 -1.51729
-1.50468 -1.62088 -1.49303
-1.54396 -1.59014 -1.4425
-1.49346 -1.54844 -1.41104
-1.48785 -1.53014 -1.39219
-1.34194 -1.55209 -1.36042
-1.42051 -1.63572 -1.37331
-1.44856 -1.59493 -1.44417
-1.4654 -1.59305 -1.52779
-1.55519 -1.66711 -1.5337
-1.24654 -1.62271 -1.3732
-0.921065 -1.52911 -1.23979
-0.752714 -1.4446 -1.0854
-0.646091 -1.38134 -1.05368
-0.893006 -1.42569 -1.19641
-1.07819 -1.49384 -1.27785
-1.16798 -1.42422 -1.27496
-1.24654 -1.37778 -1.309
-1.15676 -1.38355 -1.36993
-1.21848 -1.40328 -1.43371
-1.25215 -1.39568 -1.31529
-0.994017 -1.27362 -1.07846
-0.864948 -1.21112 -0.97772
-0.97157 -1.12758 -1.02607
-1.09503 -1.06711 -1.09105
-1.02208 -1.04299 -1.04876
-0.904229 -0.957793 -0.949495
-0.864948 -0.86965 -0.924194
-0.814442 -0.844184 -0.820448
-0.70782 -0.806314 -0.642138
-0.281331 -0.697649 -0.449387
-0.236438 -0.529301 -0.358736
-0.135427 -0.574436 -0.344255
-0.713432 -0.570512 -0.508958
-0.584363 -0.630089 -0.677985
-0.690985 -0.689225 -0.675135
-0.331836 -0.493108 -0.546566
-0.298166 -0.565665 -0.466848
-0.421624 -0.626636 -0.541154
-0.60681 -0.555325 -0.632081
-0.522634 -0.46548 -0.665342
-0.646091 -0.495279 -0.763097
-0.870559 -0.521283 -0.880287
-0.797607 -0.490944 -0.880765
-0.567528 -0.456252 -0.652407
-0.37673 -0.347203 -0.366256
-0.208379 -0.218119 -0.334782
-0.545081 -0.529827 -0.516357
-0.612421 -0.741652 -0.645605
-0.483352 -0.667141 -0.561116
-0.460905 -0.500928 -0.411061
-0.242049 -0.362448 -0.38094
-0.404788 -0.386748 -0.456711
-0.545081 -0.390865 -0.577232
-0.634868 -0.442381 -0.563276
-0.264496 -0.280661 -0.398946
-0.0793101 -0.0956133 -0.261441
-0.124204 -0.139363 -0.220591
-0.30939 -0.186576 -0.194859
-0.163486 -0.0923774 -0.0480922
0.122711 -0.0160759 0.0893385
0.122711 0.139539 0.0163263
-0.135427 -0.0484923 -0.239731
-0.539469 -0.368781 -0.478973
-0.517022 -0.417814 -0.514981
-0.270108 -0.239261 -0.256085
0.0329238 0.0742223 -0.00762338
0.302285 0.298025 0.238598
0.31912 0.310632 0.25566
0.00486534 0.191356 0.170729
0.150769 0.28938 0.281506
0.223721 0.53596 0.35348
0.0385355 0.242075 0.250441
0.100264 0.224099 0.199833
0.296674 0.338345 0.301963
0.201275 0.348801 0.359045
0.234945 0.377639 0.35016
0.122711 0.269722 0.176895
0.0890408 0.063324 0.0443717
0.150769 0.032565 0.0198216
0.0553706 0.0526435 0.015321
0.0890408 0.0923712 0.0451597
0.212498 0.185622 0.121846
0.302285 0.20916 0.157859
0.150769 0.200203 0.182222
0.167605 0.253144 0.278181
0.425743 0.532773 0.478809
0.902737 0.674596 0.696576
0.571647 0.658309 0.708458
0.728774 0.683872 0.762824
0.841008 0.753623 0.719804
0.526753 0.656397 0.51231
0.324732 0.506061 0.346741
0.296674 0.494376 0.403957
0.392072 0.754199 0.509678
0.498695 0.708337 0.522693
0.459413 0.675899 0.363888
0.566035 0.526816 0.40967
0.655822 0.630089 0.558362
0.622152 0.755346 0.69516
0.902737 0.877771 0.934121
1.39095 1.15954 1.20231
0.784891 1.1974 1.07894
0.521141 0.76562 0.806942
0.605317 0.622312 0.679623
0.622152 0.663396 0.67443
0.58287 0.656086 0.708644
0.667045 0.721006 0.720245
0.745609 0.794353 0.689778
0.863455 0.718179 0.65145
0.874678 0.663279 0.67294
0.925184 0.678906 0.789493
0.784891 0.838553 0.814223
0.661434 0.782984 0.807694
0.885902 0.902949 0.879038
0.958854 0.905785 0.950685
1.1721 0.951492 1.03757
1.30678 1.04743 1.02817
0.739998 0.881096 0.899031
0.835396 0.815218 0.838546
0.841008 0.876446 0.797281
0.622152 0.862405 0.668265
0.571647 0.795654 0.505873
0.745609 0.628999 0.549233
0.588482 0.697123 0.671402
0.857843 0.73161 0.771326
0.857843 0.779651 0.888116
1.07109 0.897114 0.97031
1.16087 1.00742 1.00978
1.20016 1.02053 0.994723
0.992524 0.93888 0.960424
0.953242 0.836964 0.939507
1.03742 0.885789 0.959634
1.1272 0.978237 1.06683
0.953242 1.12396 1.15019
0.919572 1.23762 1.12791
0.970077 1.257 1.10793
0.852231 1.25272 1.06019
0.779279 1.07881 1.00312
0.891513 0.999582 0.993341
1.02619 1.09484 1.04231
0.91396 1.11693 1.08171
1.13282 1.20023 1.11261
1.1272 1.242 1.04911
1.09353 1.24293 1.07314
1.00936 1.17896 1.10484
1.07109 1.13803 1.12604
1.09915 1.18971 1.14731
1.16649 1.27252 1.20454
1.11598 1.2717 1.23915
1.22822 1.32727 1.31865
1.34606 1.39803 1.41408
1.4134 1.40547 1.43681
1.34606 1.25768 1.40495
1.23383 1.26009 1.3448
1.26189 1.32725 1.32708
1.19454 1.26189 1.27935
1.15526 1.15808 1.20971
1.18893 1.13564 1.14662
0.975689 1.16065 0.998816
0.885902 0.991756 0.890902
0.863455 1.01019 0.885869
0.689492 1.08683 0.873908
0.706327 1.01181 0.831647
0.992524 0.988491 0.921459
1.05425 1.00892 1.01626
1.10476 1.00538 1.06263
1.23383 1.05159 1.138
1.25066 1.12268 1.23673
1.09915 1.16776 1.23679
1.14404 1.15539 1.20199
1.21138 1.1531 1.11408
1.02619 1.14372 1.02617
1.05425 1.23406 1.04697
1.0767 1.28563 1.1153
1.21138 1.25711 1.18053
1.31239 1.30135 1.20269
1.31239 1.29243 1.22465
1.23383 1.27021 1.27822
1.28433 1.2334 1.35827
1.40218 1.27486 1.42225
1.45829 1.38093 1.45838
1.32923 1.41908 1.44745
1.4134 1.41308 1.46173
1.24505 1.39352 1.38367
1.14404 1.21898 1.21761
1.05986 1.13786 1.08377
0.9813 1.09779 0.997941
0.964465 1.02211 0.981781
1.20577 1.09521 1.03135
1.05986 1.13608 1.01011
0.919572 1.11978 1.0003
0.964465 1.11316 1.06611
0.975689 1.22327 1.14298
0.925184 1.26741 1.07095
1.02619 1.23035 1.0148
0.94763 1.15667 1.02067
1.0767 1.12593 1.07021
1.02619 1.10349 1.08285
1.02619 1.11577 1.05985
0.925184 1.0649 1.01707
0.964465 1.05903 1.00364
0.992524 1.06045 1.01521
1.06548 1.05482 1.03592
1.10476 1.07513 1.08562
1.16087 1.0936 1.13663
1.09353 1.10172 1.15067
1.04864 1.05486 1.13775
0.9813 1.04145 1.10152
1.00936 1.02498 1.08882
1.09353 1.05404 1.12867
1.08792 1.06595 1.13631
0.919572 1.01533 1.06307
1.11037 0.998824 1.0198
1.04303 1.01778 0.981016
1.02058 0.927268 0.920771
0.88029 0.832873 0.813307
0.829785 0.79026 0.785585
0.711939 0.791802 0.777232
0.667045 0.755293 0.718083
0.58287 0.657422 0.642923
0.734386 0.620552 0.686396
0.818561 0.727071 0.725367
0.661434 0.711133 0.714818
0.717551 0.685506 0.721596
0.739998 0.670377 0.647579
0.571647 0.612238 0.509189
0.453801 0.522442 0.394675
0.470636 0.469928 0.425282
0.521141 0.490978 0.491892
0.386461 0.533137 0.364295
0.279838 0.349953 0.246459
0.240557 0.289229 0.256624
0.532365 0.381158 0.544101
0.88029 0.645029 0.758983
0.610929 0.72474 0.605154
0.274227 0.493451 0.335202
0.0890408 0.269344 0.206502
0.279838 0.4303 0.353271
0.622152 0.667768 0.530936
0.51553 0.539204 0.481703
0.436966 0.338777 0.414547
0.330344 0.334503 0.451499
0.493083 0.374467 0.468011
0.560423 0.377123 0.423125
0.397684 0.271327 0.338758
0.375237 0.268555 0.279564
0.268615 0.269368 0.232825
0.195663 0.21252 0.161597
0.167605 0.166997 0.177793
0.274227 0.204173 0.296537
0.302285 0.284249 0.377763
0.453801 0.388685 0.418116
0.291062 0.458383 0.447689
0.414519 0.468954 0.501714
0.65021 0.491804 0.479436
0.240557 0.293666 0.230879
-0.101757 -0.061205 -0.023238
-0.14665 -0.17019 -0.107328
0.229333 -0.0441557 0.0559892
0.201275 0.0989937 0.166289
0.111488 0.064191 0.0477003
-0.062475 -0.196653 -0.169809
-0.354283 -0.333333 -0.369733
-0.399177 -0.396707 -0.457497
-0.382342 -0.387461 -0.343843
-0.303778 -0.223881 -0.121409
0.0385355 0.0147173 -0.0623731
-0.713432 -0.267157 -0.416475
-0.713432 -0.597308 -0.541515
-0.180321 -0.381412 -0.337144
-0.135427 -0.322438 -0.103555
-0.11298 -0.267646 -0.114532
-0.197156 -0.335744 -0.253301
-0.455294 -0.480707 -0.356832
-0.4104 -0.391889 -0.362455
-0.365507 -0.358146 -0.360077
-0.455294 -0.42791 -0.482252
-0.786384 -0.520483 -0.616146
-0.522634 -0.534659 -0.530159
-0.191544 -0.395182 -0.31013
-0.472129 -0.358019 -0.319547
-0.202767 -0.398389 -0.403951
-0.219603 -0.387211 -0.425334
-0.326225 -0.410792 -0.417252
-0.662927 -0.533452 -0.46863
-0.842501 -0.591454 -0.553289
-0.803219 -0.686427 -0.608014
-0.763937 -0.688481 -0.671433
-0.943511 -0.718274 -0.701278
-0.915453 -0.682575 -0.675679
-0.74149 -0.586246 -0.57883
-0.808831 -0.49267 -0.658215
-1.13992 -0.870883 -0.866603
-1.43173 -0.771634 -1.08912
-1.24093 -0.941772 -1.09782
-0.965958 -1.04452 -0.964768
-0.977182 -0.817842 -0.796493
-0.545081 -0.758548 -0.619658
-0.601198 -0.671007 -0.756092
-0.943511 -0.940023 -1.07701
-1.11186 -1.28302 -1.29023
-1.10064 -1.35153 -1.18241
-0.735879 -1.06347 -0.953733
-0.539469 -0.976925 -0.785371
-0.74149 -0.932183 -0.756131
-0.9379 -0.909659 -0.840818
-1.08942 -0.92447 -0.980373
-1.01646 -1.1146 -1.10083
-0.898618 -1.21425 -1.22879
-0.9379 -1.35249 -1.22012
-0.988405 -1.45385 -1.25473
-1.20726 -1.52647 -1.33314
-1.24093 -1.54769 -1.31039
-1.33072 -1.46779 -1.30496
-1.33072 -1.25822 -1.37024
-1.52713 -1.38095 -1.39166
-1.71793 -1.40218 -1.37174
-1.69548 -1.30808 -1.34594
-1.78527 -1.31723 -1.42438
-1.68426 -1.4322 -1.54747
-1.94239 -1.52509 -1.68505
-2.07707 -1.39678 -1.81153
-2.02657 -1.43239 -1.73357
-1.57202 -1.29307 -1.5672
-1.91433 -1.3554 -1.39896
-1.38684 -1.31522 -1.28507
-1.44295 -1.25347 -1.38504
-1.97606 -1.34081 -1.59309
-2.00412 -1.49567 -1.56621
-1.70109 -1.30533 -1.34804
-1.41489 -1.35782 -1.34258
-1.67303 -1.49652 -1.4851
-1.7516 -1.47666 -1.6366
-1.68987 -1.5338 -1.64862
-2.03779 -1.63186 -1.66803
-2.04902 -1.63191 -1.68802
-1.8975 -1.64574 -1.67438
-1.9929 -1.49248 -1.69424
-1.9929 -1.50073 -1.65552
-1.79088 -1.47267 -1.6533
-2.09952 -1.66104 -1.77906
-2.17808 -1.78811 -1.89465
-1.79088 -1.85998 -1.82308
-1.1287 -1.82558 -1.60486
-1.31388 -1.50859 -1.3998
-1.34194 -1.47035 -1.33198
-1.67303 -1.49755 -1.45536
-1.47101 -1.52074 -1.59664
-1.74598 -1.60767 -1.59269
-1.7516 -1.49065 -1.52066
-1.45979 -1.38556 -1.46313
-1.65059 -1.36312 -1.42888
-1.19604 -1.28077 -1.22701
-0.791996 -1.1855 -1.09202
-0.893006 -1.14612 -1.09076
-0.786384 -1.30441 -1.12566
-1.16237 -1.2763 -1.17115
-1.50468 -1.23847 -1.28623
-1.58324 -1.306 -1.37531
-1.34194 -1.33678 -1.34342
-1.20165 -1.25489 -1.30714
-1.43173 -1.36204 -1.30161
-1.53835 -1.40289 -1.32464
-1.63936 -1.38604 -1.39913
-1.48785 -1.58154 -1.43318
-1.28021 -1.6483 -1.49293
-1.18481 -1.61229 -1.4782
-1.05575 -1.57343 -1.41307
-1.2241 -1.52866 -1.38585
-1.52713 -1.41699 -1.36424
-1.55519 -1.29813 -1.26074
-1.48223 -1.16769 -1.19874
-1.49346 -1.20938 -1.33723
-1.39245 -1.46922 -1.51182
-1.65059 -1.53195 -1.6047
-1.6113 -1.44987 -1.56043
-1.52713 -1.40372 -1.43524
-1.31388 -1.31993 -1.36816
-1.45418 -1.31319 -1.39557
-1.41489 -1.32449 -1.39688
-1.48785 -1.30494 -1.30934
-1.49907 -1.27326 -1.21134
-1.13431 -1.16337 -1.2384
-1.12309 -1.32223 -1.30036
-1.0333 -1.41668 -1.32289
-1.18481 -1.41218 -1.32821
-1.09503 -1.39519 -1.21345
-0.77516 -1.23533 -1.02128
-0.646091 -1.02734 -0.878018
-0.595586 -0.924741 -0.822801
-0.752714 -0.920195 -0.993483
-0.954735 -1.12859 -1.12418
-1.01646 -1.11333 -1.23988
-1.29144 -1.20232 -1.26516
-1.01085 -1.27432 -1.20747
-0.921065 -1.20147 -1.12953
-1.05013 -1.16751 -0.97077
-0.825666 -0.942077 -0.821819
-0.853724 -0.782889 -0.77087
-0.685373 -0.819323 -0.814556
-0.859336 -0.951536 -0.886432
-0.999628 -0.83626 -0.905996
-0.77516 -0.668985 -0.866171
-0.791996 -0.707717 -0.775552
-0.64048 -0.604211 -0.646884
-0.286943 -0.404 -0.496553
-0.533857 -0.422013 -0.430467
-0.589974 -0.395547 -0.427773
-0.511411 -0.393361 -0.438845
-0.483352 -0.387228 -0.452541
-0.275719 -0.393829 -0.405128
-0.589974 -0.429096 -0.383495
-0.298166 -0.341037 -0.31414
-0.365507 -0.220793 -0.2508
-0.141039 -0.172928 -0.310215
-0.202767 -0.483955 -0.518576
-0.432847 -0.543929 -0.611608
-0.556304 -0.452292 -0.538535
-0.685373 -0.395478 -0.45098
-0.629256 -0.323868 -0.367799
-0.298166 -0.254473 -0.298958
-0.533857 -0.174491 -0.352147
-0.393565 -0.316814 -0.398448
-0.421624 -0.391675 -0.38971
-0.460905 -0.321987 -0.304968
-0.337448 -0.216072 -0.183967
-0.152262 -0.0951897 -0.0353355
0.296674 0.0780369 0.176248
0.369626 0.23936 0.365766
0.459413 0.351909 0.325549
-0.0793101 0.229344 -0.0705041
-0.348672 -0.209452 -0.332231
-0.298166 -0.187004 -0.308671
-0.174709 -0.0267122 -0.0809505
0.111488 0.177071 0.184161
0.526753 0.362702 0.58027
0.88029 0.684539 0.720654
0.133934 0.588472 0.318126
-0.0793101 0.115712 0.0114882
-0.0512516 0.0245389 -0.0921833
0.0385355 0.0578098 -0.0158746
0.190051 0.11371 0.0678899
0.268615 0.183112 0.18496
0.369626 0.310288 0.285585
0.31912 0.373118 0.278618
0.229333 0.24408 0.281929
0.397684 0.322559 0.299419
0.150769 0.270295 0.182466
0.0834291 0.108913 0.0967511
0.212498 0.139121 0.127979
0.212498 0.161184 0.193639
0.31912 0.237333 0.270537
0.324732 0.344023 0.371876
0.414519 0.466379 0.487018
0.633375 0.648564 0.662598
0.751221 0.801243 0.787684
0.240557 0.692051 0.612921
0.279838 0.451851 0.395458
0.263003 0.46769 0.330539
0.414519 0.530568 0.394495
0.330344 0.616545 0.423402
0.307897 0.587484 0.373308
0.504306 0.443177 0.428063
0.610929 0.511635 0.550324
0.65021 0.589952 0.604663
0.414519 0.650861 0.539798
0.560423 0.620717 0.508727
0.605317 0.638577 0.504642
0.58287 0.570487 0.536383
0.605317 0.601293 0.574916
0.605317 0.664238 0.598247
0.610929 0.746642 0.61972
0.65021 0.729239 0.678978
0.672657 0.733013 0.764353
0.633375 0.856505 0.738383
0.588482 0.720005 0.654732
0.638987 0.826125 0.719489
0.768056 0.967701 0.855242
0.964465 1.00987 1.01049
1.14404 1.08914 1.16512
1.02058 1.07003 1.15022
1.00936 1.02777 1.01278
0.841008 0.958238 0.790499
0.869067 0.752117 0.775345
0.936407 0.836662 0.890873
0.9813 1.00213 0.930141
0.521141 0.976319 0.744691
0.470636 0.741108 0.630577
0.605317 0.632237 0.648622
0.796115 0.693176 0.78065
0.824173 0.852621 0.956743
1.07109 1.09222 1.15502
1.22822 1.30455 1.35227
1.37973 1.33876 1.51266
1.49758 1.29701 1.51445
1.40779 1.31418 1.41821
1.1272 1.34203 1.31315
1.18893 1.2896 1.24403
0.986912 1.17015 1.13399
1.11598 1.17709 1.09149
1.12159 1.2183 1.12326
0.958854 1.19741 1.05757
0.953242 1.15743 1.12582
1.30117 1.30613 1.35449
1.24505 1.48265 1.40976
1.11037 1.42707 1.35464
1.26189 1.31384 1.38812
1.19454 1.31305 1.36202
1.04303 1.23688 1.22095
1.08792 1.11726 1.14186
0.986912 1.11972 1.0511
1.02058 1.01831 1.05577
1.08792 1.00825 1.14234
1.21699 1.09153 1.23677
1.22822 1.20847 1.26765
1.06548 1.1826 1.15504
0.998136 1.20944 1.081
1.20577 1.19102 1.11388
1.30678 1.15269 1.18673
1.09915 1.18853 1.19353
1.18893 1.19351 1.1444
1.14404 1.15304 1.12747
1.20577 1.1702 1.12941
1.18893 1.22162 1.11632
1.15526 1.24387 1.10443
1.18893 1.15936 1.1291
1.28433 1.21876 1.16345
1.34606 1.24196 1.21636
1.32361 1.13086 1.22254
1.15526 1.18795 1.1835
1.13282 1.19538 1.17507
1.00936 1.18266 1.13069
1.04864 1.08066 1.1677
1.1721 1.16087 1.25608
1.36851 1.23191 1.30493
1.318 1.27013 1.2915
1.30678 1.26866 1.23687
1.318 1.29947 1.23993
1.25066 1.27173 1.23309
1.28994 1.28607 1.21402
1.23944 1.23258 1.25052
1.09915 1.29725 1.25279
1.00375 1.26729 1.16499
0.998136 1.14419 1.07238
0.958854 1.14212 0.971338
0.91396 1.08994 0.934479
1.09353 1.06523 0.976096
1.17771 1.06737 0.96688
1.13843 1.11711 0.968242
1.1272 1.11033 1.0194
1.14404 1.08138 1.08168
1.20577 1.07543 1.18688
1.28433 1.19565 1.26373
1.21699 1.26388 1.26218
1.23383 1.23731 1.21169
1.27311 1.13867 1.16939
1.16649 1.0589 1.13483
1.08231 1.14995 1.1431
1.17771 1.18157 1.14719
1.26189 1.1877 1.12875
1.08792 1.17889 1.08942
1.04864 1.19326 1.04934
1.02619 1.1833 1.03339
1.01497 1.17483 1.02435
1.00936 1.14839 1.02488
1.1272 1.15985 1.02379
0.9813 1.16963 1.02562
0.919572 1.17313 0.987925
0.902737 0.979301 1.00644
0.958854 1.05746 1.10468
1.1272 1.19227 1.12279
0.91396 1.02233 0.995692
0.958854 0.904092 0.883695
0.964465 0.84256 0.834259
0.902737 0.830062 0.879248
0.942019 0.87034 0.999796
1.12159 0.911598 1.04479
1.03742 0.93486 0.988263
0.919572 0.836791 0.961221
0.739998 0.775498 0.87818
0.728774 0.759057 0.834929
0.908348 0.810406 0.86201
0.942019 0.82411 0.866112
0.801726 0.773968 0.749448
0.768056 0.736781 0.669178
0.908348 0.739913 0.741154
0.869067 0.716798 0.827858
0.841008 0.78674 0.832303
0.908348 0.776953 0.822619
0.751221 0.777504 0.724152
0.801726 0.817085 0.635139
0.588482 0.708835 0.539458
0.425743 0.585194 0.445748
0.48186 0.563262 0.455553
0.504306 0.619621 0.51746
0.504306 0.737049 0.558957
0.594093 0.792904 0.627445
0.622152 0.673424 0.697488
0.599705 0.643082 0.744471
0.644599 0.735261 0.73224
0.672657 0.736426 0.682412
0.700716 0.581467 0.602666
0.543588 0.484423 0.564847
0.554812 0.468397 0.497359
0.313509 0.431876 0.378699
0.18444 0.321119 0.323968
0.229333 0.375554 0.408271
0.313509 0.541502 0.583976
0.5492 0.621367 0.572799
0.431354 0.445076 0.429557
0.206886 0.322695 0.282195
0.335955 0.168381 0.284868
0.268615 0.203278 0.281959
0.21811 0.2381 0.255009
0.21811 0.214586 0.264201
0.274227 0.196314 0.315071
0.347179 0.254755 0.331407
0.201275 0.307331 0.29064
0.358402 0.300899 0.233857
0.335955 0.144396 0.193804
0.173216 0.0572737 0.127875
0.0273121 0.0426295 0.104548
0.145158 0.173315 0.209832
0.122711 0.269659 0.23249
0.195663 0.201629 0.0930961
-0.152262 -0.00904583 -0.0303574
0.0722057 -0.0121151 0.0255865
0.139546 0.0577025 0.15333
0.0273121 0.0900225 0.162779
0.307897 0.168371 0.213608
0.246168 0.175475 0.154765
-0.0568633 0.00173546 0.0395352
0.279838 0.0329417 0.0478963
0.122711 0.0948378 0.00115573
-0.191544 -0.108279 -0.0818005
-0.0288048 -0.15754 -0.106512
-0.169097 -0.232116 -0.0820804
-0.0680867 -0.21734 -0.0292817
0.139546 -0.116451 0.0857037
0.0441472 -0.0267199 0.13006
0.010477 0.0366899 -0.149887
-0.702208 -0.439875 -0.517176
-0.713432 -0.536289 -0.750146
-0.690985 -0.606332 -0.826673
-0.831277 -0.756137 -0.92149
-0.887394 -0.799067 -1.00294
-0.842501 -0.829914 -0.965966
-0.797607 -0.773062 -0.85235
-0.713432 -0.695615 -0.69805
-0.488964 -0.502499 -0.619678
-0.561916 -0.632697 -0.709635
-0.876171 -0.730119 -0.94203
-0.814442 -0.822267 -0.972332
-0.954735 -0.772223 -0.823749
-0.522634 -0.499319 -0.619966
-0.77516 -0.447905 -0.826116
-1.02769 -0.92189 -1.13609
-1.21287 -0.953739 -1.18421
-1.04452 -0.715554 -1.08274
-0.932288 -0.868573 -1.11308
-1.16798 -1.23395 -1.28671
-1.40928 -1.20659 -1.40359
-1.45418 -1.23134 -1.32757
-1.43734 -0.956744 -1.20357
-1.12309 -0.814909 -1.14702
-1.28582 -1.10652 -1.3389
-1.24093 -1.44054 -1.50429
-1.48223 -1.34642 -1.64044
-1.7516 -1.26673 -1.72114
-1.76282 -1.39526 -1.69299
-1.5608 -1.52078 -1.5849
-1.31949 -1.50319 -1.37683
-1.33072 -1.23862 -1.25075
-1.34194 -1.12027 -1.34674
-1.31388 -1.30203 -1.56523
-1.79649 -1.52127 -1.77696
-2.0883 -1.45853 -2.00061
-2.12197 -1.63562 -2.03203
-2.07146 -1.62609 -1.96241
-1.88066 -1.51941 -1.85865
-1.48223 -1.52618 -1.75695
-1.37561 -1.82615 -1.6816
-1.33633 -1.78252 -1.53666
-1.43173 -1.5381 -1.35235
-1.24093 -1.27667 -1.21003
-1.39806 -1.16236 -1.20561
-1.79649 -1.40378 -1.43072
-1.8021 -1.54083 -1.54697
-1.49907 -1.63042 -1.58141
-1.88066 -1.73709 -1.7506
-1.73476 -1.89738 -1.80285
-2.10513 -1.79013 -1.80063
-1.7067 -1.67669 -1.51708
-1.4654 -1.20039 -1.42122
-1.8021 -1.43686 -1.617
-1.86383 -1.70962 -1.77091
-1.8021 -1.70425 -1.84114
-1.80771 -1.61539 -1.78551
-1.68987 -1.48447 -1.6989
-1.54396 -1.49846 -1.54382
-1.5608 -1.40754 -1.41331
-1.47101 -1.38051 -1.39568
-1.32511 -1.26912 -1.32566
-1.01085 -1.16159 -1.2016
-0.97157 -1.30434 -1.25292
-1.35317 -1.50884 -1.50341
-1.80771 -1.658 -1.68179
-1.77965 -1.66358 -1.85349
-1.89189 -1.68812 -1.86252
-1.65059 -1.51323 -1.68045
-1.43173 -1.5579 -1.57558
-1.97606 -1.57331 -1.71394
-1.95362 -1.4966 -1.75544
-1.43173 -1.41042 -1.71024
-1.48223 -1.72369 -1.82765
-1.72354 -1.93376 -1.94176
-1.30266 -1.78798 -1.73817
-1.24093 -1.6905 -1.54912
-1.08942 -1.67025 -1.46545
-1.14553 -1.67837 -1.42393
-0.893006 -1.66835 -1.29336
-0.977182 -1.54808 -1.18637
-1.01646 -1.46036 -1.19868
-1.15114 -1.57393 -1.19002
-1.29144 -1.4468 -1.18186
-1.28021 -1.25234 -1.28088
-1.25215 -1.38608 -1.43094
-1.8975 -1.34676 -1.678
-1.97606 -1.39978 -1.77297
-1.83577 -1.41841 -1.72851
-1.84138 -1.32531 -1.64098
-1.58324 -1.492 -1.61901
-1.57763 -1.59098 -1.71191
-1.71231 -1.65566 -1.69145
-1.60569 -1.50803 -1.42266
-1.00524 -1.00311 -1.16892
-1.1287 -0.811179 -1.10844
-1.33072 -0.863553 -1.19013
-1.1287 -1.17287 -1.32478
-1.34755 -1.44629 -1.46956
-1.72354 -1.30453 -1.64413
-1.81332 -1.45328 -1.66235
-1.74598 -1.18906 -1.59525
-1.39245 -1.0709 -1.47233
-1.50468 -1.07902 -1.39482
-1.57763 -1.15625 -1.50491
-1.53835 -1.31675 -1.61996
-1.33072 -1.30158 -1.59613
-1.13431 -1.41703 -1.49275
-1.34194 -1.64751 -1.55352
-1.5608 -1.65421 -1.56764
-1.48223 -1.45559 -1.38468
-1.13992 -1.0202 -1.19705
-0.848112 -0.780738 -0.929777
-0.893006 -0.693476 -0.723011
-0.326225 -0.288807 -0.5532
-0.679762 -0.467678 -0.861885
-1.21848 -0.881367 -1.27661
-1.52152 -1.04219 -1.48525
-1.5159 -1.12266 -1.54992
-1.38122 -1.11822 -1.48116
-1.31388 -1.1175 -1.35422
-1.21848 -1.11252 -1.24096
-0.758325 -1.08056 -1.01158
-0.533857 -0.857194 -0.828682
-0.573139 -0.735603 -0.727108
-0.690985 -0.605494 -0.604029
-0.135427 -0.35236 -0.464755
-0.466517 -0.345689 -0.627034
-0.735879 -0.702597 -0.815881
-0.791996 -0.600819 -0.964865
-1.04452 -0.506424 -0.99563
-0.999628 -0.592794 -0.939809
-0.926676 -0.683261 -0.876438
-0.831277 -0.648524 -0.829508
-0.623645 -0.715119 -0.717463
-0.432847 -0.580857 -0.613893
-0.455294 -0.444682 -0.600924
-0.371118 -0.469569 -0.585166
-0.264496 -0.417781 -0.467302
-0.230826 -0.357484 -0.369426
-0.213991 -0.329194 -0.316324
-0.225214 -0.27042 -0.295984
-0.169097 -0.232994 -0.272907
-0.0849218 -0.217155 -0.209913
-0.157874 -0.20159 -0.156396
-0.152262 -0.129749 -0.0895609
-0.0344165 -0.091125 0.0339028
0.223721 -0.0134855 0.0362005
-0.236438 -0.102768 -0.223324
-0.528246 -0.549178 -0.423362
-0.320613 -0.435351 -0.345833
-0.141039 -0.183003 -0.177592
-0.281331 -0.242631 -0.167286
-0.494576 -0.184367 -0.319065
-0.382342 -0.34276 -0.35781
-0.152262 -0.321808 -0.270229
-0.124204 -0.186332 -0.164279
-0.157874 -0.0322833 -0.1258
0.0329238 -0.0974781 -0.0878731
-0.0288048 -0.0254902 -0.0731228
0.0160887 -0.0186966 -0.0562095
0.167605 0.0754177 -0.00793659
0.274227 0.0840085 0.110905
0.246168 0.134187 0.190044
0.364014 0.251811 0.248228
0.195663 0.339212 0.254528
0.302285 0.37821 0.273145
0.465024 0.392358 0.300341
0.240557 0.230555 0.227144
0.0946525 0.219589 0.141988
0.178828 0.401112 0.178374
0.156381 0.544047 0.195074
0.21811 0.307974 0.203451
0.274227 0.248331 0.188858
0.274227 0.1985 0.194241
0.302285 0.159528 0.259027
0.313509 0.233833 0.297176
0.212498 0.322794 0.265212
0.352791 0.37417 0.312954
0.448189 0.486098 0.44045
0.605317 0.549092 0.569503
0.717551 0.576701 0.557929
0.571647 0.558631 0.535415
0.487471 0.523008 0.521829
0.543588 0.516025 0.512163
0.51553 0.547523 0.547574
0.560423 0.55899 0.615796
0.655822 0.628221 0.6608
0.779279 0.537657 0.663359
0.667045 0.511862 0.620837
0.644599 0.586247 0.588045
0.700716 0.712294 0.775935
0.986912 0.904474 1.08033
1.23383 1.11706 1.33103
1.06548 1.13358 1.40393
1.00936 1.12624 1.22458
1.09353 0.831906 0.963106
0.717551 0.676292 0.767448
0.885902 0.686165 0.932068
1.1272 0.802581 1.17277
0.919572 0.905454 1.1152
0.762444 0.960822 0.940853
0.829785 0.935013 0.887229
0.728774 0.848837 0.844771
0.91396 0.790089 0.86038
0.9813 0.877472 0.971061
1.13843 1.02706 1.05432
1.11598 1.04257 1.10056
1.26189 1.04232 1.15067
1.1721 1.06279 1.13928
0.925184 1.00045 1.06981
1.02619 0.979942 1.00497
1.03742 0.947578 0.979916
1.04864 0.934331 0.947218
1.11598 0.915646 0.948625
0.964465 0.908264 0.971751
1.00936 0.881625 1.0181
1.02058 0.950941 1.08519
0.992524 1.0376 1.16382
1.21699 1.16766 1.24843
1.15526 1.27682 1.2466
1.12159 1.29062 1.21871
1.18893 1.26881 1.17461
1.16087 1.26013 1.1385
1.23383 1.22481 1.12386
1.14404 1.20811 1.10916
1.13843 1.21881 1.12954
1.13282 1.20362 1.18419
1.07109 1.18457 1.20743
1.16649 1.18117 1.16006
1.14965 1.17039 1.11454
1.03181 1.19863 1.10397
1.12159 1.18919 1.14603
1.25066 1.16087 1.20037
1.24505 1.1583 1.20559
1.14965 1.17989 1.13417
1.16087 1.17637 1.13816
1.21699 1.09664 1.17681
1.17771 1.04757 1.21898
1.27872 1.10527 1.27783
1.38534 1.17208 1.33735
1.40779 1.22692 1.34611
1.45268 1.24573 1.31609
1.27872 1.17088 1.22729
1.24505 1.1397 1.15686
1.20577 1.12443 1.12082
1.2675 1.15409 1.12344
1.28433 1.16876 1.16261
1.35728 1.21045 1.25109
1.28994 1.23669 1.28513
1.15526 1.18277 1.23603
1.21138 1.18642 1.20333
1.16649 1.21938 1.24626
1.17771 1.30377 1.31329
1.27311 1.34081 1.30741
1.27872 1.37832 1.19772
1.02619 1.29517 1.09298
0.885902 1.18603 0.95542
0.953242 1.10566 0.976507
1.19454 1.19427 1.06419
1.13282 1.18188 1.08051
1.1272 1.2121 1.14222
1.25627 1.24969 1.27974
1.18332 1.281 1.36106
1.32923 1.23841 1.39351
1.20577 1.21963 1.36505
1.13843 1.12336 1.29293
1.20016 1.15956 1.25187
1.23383 1.21895 1.27775
1.27311 1.2914 1.28547
1.12159 1.22151 1.23529
1.06548 1.21257 1.13719
1.07109 1.11582 1.09238
1.1272 1.19559 1.06182
1.21138 1.17131 1.13527
1.13843 1.19452 1.17664
1.21699 1.25382 1.18871
1.23383 1.25871 1.22577
1.27872 1.22638 1.23826
1.24505 1.15696 1.22945
1.23383 1.1453 1.19181
1.16087 1.12477 1.09443
0.942019 1.08427 1.0016
0.992524 1.01603 0.964453
0.998136 1.05766 0.944235
1.05986 1.06008 0.942582
1.13843 1.04986 0.948241
1.02058 1.07472 0.944786
1.03742 1.0769 1.00879
1.16087 1.1118 1.08377
1.26189 1.15386 1.15244
1.23944 1.15954 1.18505
1.21699 1.13283 1.22937
1.39657 1.18861 1.25955
1.34045 1.23167 1.22105
0.9813 1.16316 1.11893
1.06548 1.11917 1.14273
1.16649 1.10981 1.1271
0.689492 1.09582 0.865599
0.667045 0.857447 0.689524
0.633375 0.781747 0.686649
0.768056 0.961199 0.781859
0.717551 0.876509 0.863613
0.970077 0.904508 0.982679
1.1721 0.948142 1.00454
0.835396 0.792964 0.850818
0.509918 0.688239 0.62436
0.498695 0.60974 0.544687
0.627764 0.678017 0.557754
0.543588 0.677022 0.597436
0.577258 0.662078 0.55037
0.498695 0.568787 0.457899
0.571647 0.474999 0.436424
0.638987 0.549636 0.516234
0.526753 0.640294 0.543156
0.526753 0.573599 0.532209
0.566035 0.532789 0.578065
0.65021 0.594631 0.74782
0.91396 0.69646 0.87094
0.779279 0.737243 0.754504
0.453801 0.5241 0.583105
0.734386 0.603717 0.670767
0.745609 0.744698 0.752389
0.762444 0.728162 0.746412
0.762444 0.721361 0.775633
0.768056 0.758031 0.772989
0.526753 0.678667 0.650719
0.5492 0.565229 0.608198
0.633375 0.740062 0.584033
0.291062 0.718142 0.405247
0.28545 0.463359 0.248894
0.105876 0.340106 0.0856875
-0.0231931 0.251197 0.108512
0.128323 0.265272 0.244762
0.470636 0.311541 0.445779
0.902737 0.40353 0.651189
0.717551 0.427673 0.637379
0.509918 0.439507 0.634676
0.622152 0.489934 0.667249
0.723162 0.514624 0.701145
0.779279 0.45699 0.738315
0.65021 0.441803 0.670835
0.543588 0.424964 0.588494
0.431354 0.414189 0.552935
0.352791 0.339546 0.53928
0.48186 0.310281 0.525101
0.431354 0.322709 0.460594
0.386461 0.27254 0.316284
0.0441472 0.0902418 0.145999
0.0946525 0.0627012 0.125652
0.133934 0.0848281 0.167409
0.00486534 0.117119 0.18012
0.145158 0.121547 0.275951
0.364014 0.1673 0.337541
0.257392 0.089935 0.229782
0.0160887 -0.0744514 0.00185143
-0.365507 -0.225215 -0.2784
-0.292555 -0.519753 -0.31297
0.0160887 -0.347915 -0.168689
-0.0905335 -0.175668 -0.0928015
-0.230826 -0.203431 -0.229588
-0.303778 -0.380453 -0.420181
-0.438459 -0.463424 -0.420167
-0.298166 -0.283993 -0.297998
-0.242049 -0.312411 -0.359537
-0.735879 -0.511605 -0.590129
-0.803219 -0.445172 -0.6003
-0.337448 -0.361922 -0.460314
-0.601198 -0.468404 -0.569078
-0.836889 -0.650225 -0.780366
-1.05013 -0.589458 -0.940367
-1.28582 -0.668504 -1.02037
-1.26338 -0.781482 -1.09361
-0.965958 -0.874023 -1.15831
-1.37 -1.0623 -1.12525
-1.05575 -0.709889 -0.926361
-1.21287 -0.54075 -0.877453
-1.05575 -0.855149 -1.03958
-1.45979 -0.957764 -1.23683
-1.30266 -1.06317 -1.27863
-1.25777 -1.23056 -1.28071
-1.19604 -1.24182 -1.12821
-1.12309 -0.886884 -0.902453
-0.719043 -0.631404 -0.74224
-0.921065 -0.73734 -0.839532
-1.26338 -1.11682 -1.00945
-1.33072 -1.01431 -1.05372
-1.15676 -0.841812 -0.993511
-1.39806 -0.82752 -1.08538
-1.17359 -1.19667 -1.28016
-1.25777 -1.51282 -1.41766
-1.16798 -1.45586 -1.39952
-1.10625 -1.31752 -1.29845
-1.42612 -1.09973 -1.29035
-1.31388 -1.19394 -1.36877
-1.61691 -1.33236 -1.46784
-1.62814 -1.32237 -1.44199
-1.35317 -1.24194 -1.45518
-1.72915 -1.30343 -1.56914
-1.86944 -1.31823 -1.68535
-1.90311 -1.29217 -1.70655
-1.88628 -1.38902 -1.74271
-1.82455 -1.51776 -1.68648
-1.47662 -1.46218 -1.53343
-1.53835 -1.35216 -1.48514
-1.70109 -1.32238 -1.55179
-1.72915 -1.37647 -1.66697
-1.7067 -1.43296 -1.70147
-1.59447 -1.61435 -1.63486
-1.85822 -1.64937 -1.56254
-1.71793 -1.73727 -1.51495
-1.78527 -1.74397 -1.61469
-1.85261 -1.74031 -1.73877
-1.78527 -1.76828 -1.82357
-2.0434 -1.814 -1.84718
-1.62814 -1.80384 -1.66138
-1.18481 -1.66711 -1.4608
-1.11747 -1.68203 -1.39675
-1.26338 -1.73957 -1.42821
-1.60569 -1.74635 -1.49206
-1.7067 -1.71279 -1.55373
-1.76843 -1.76072 -1.62363
-1.81332 -1.82954 -1.68918
-1.8975 -1.87536 -1.75312
-1.90872 -1.9251 -1.70914
-1.68426 -1.83039 -1.47512
-1.29144 -1.61077 -1.339
-1.19604 -1.60637 -1.40208
-1.03891 -1.7719 -1.33903
-0.864948 -1.6323 -1.25046
-1.02208 -1.62248 -1.23852
-1.48223 -1.63259 -1.36422
-1.49907 -1.64823 -1.47613
-1.16798 -1.65024 -1.47524
-1.00524 -1.89149 -1.4622
-1.40367 -1.84015 -1.58354
-1.63936 -1.90304 -1.57149
-1.58324 -1.77291 -1.41906
-1.26899 -1.48614 -1.20719
-1.29144 -1.31745 -1.10635
-1.21848 -1.43329 -1.06289
-1.05013 -1.14888 -1.01849
-1.16798 -1.06389 -0.974676
-0.9379 -1.2492 -0.973507
-1.32511 -1.20678 -1.1059
-1.30266 -1.24842 -1.20508
-1.11186 -1.1122 -1.1346
-0.629256 -1.03334 -0.984535
-0.977182 -1.139 -1.0735
-1.33633 -1.2568 -1.32527
-1.40928 -1.51883 -1.37499
-1.1792 -1.51151 -1.29082
-1.26899 -1.43675 -1.21104
-1.38684 -1.3008 -1.11815
-1.26899 -1.13759 -1.06138
-1.20165 -1.06662 -1.03428
-1.25777 -1.04573 -1.10622
-1.29705 -1.15904 -1.12697
-1.16798 -1.15725 -1.20209
-1.13992 -1.42355 -1.36799
-1.34194 -1.61669 -1.58345
-1.45979 -1.63772 -1.64969
-1.35317 -1.60709 -1.64675
-1.38684 -1.58316 -1.65329
-1.55519 -1.62573 -1.62607
-1.44295 -1.56092 -1.47781
-1.26338 -1.42501 -1.31133
-1.32511 -1.30065 -1.2835
-1.23532 -1.25314 -1.1874
-0.719043 -1.10136 -0.994219
-0.926676 -0.856739 -0.816489
-0.623645 -0.718715 -0.669908
-0.70782 -0.743256 -0.543172
-0.315001 -0.638165 -0.501404
-0.449682 -0.746658 -0.615779
-0.685373 -1.03203 -0.824385
-0.932288 -1.09329 -1.03844
-1.15114 -1.11101 -1.0824
-0.954735 -1.09219 -1.02682
-0.982793 -1.01374 -0.917534
-0.921065 -0.760175 -0.818017
-0.825666 -0.589253 -0.788927
-0.820054 -0.636213 -0.692594
-0.387953 -0.67187 -0.606759
-0.505799 -0.907102 -0.660354
-0.70782 -1.01324 -0.854413
-1.09503 -1.09527 -1.08
-1.28021 -1.04918 -1.18977
-1.13431 -0.923873 -1.29913
-1.40928 -1.05871 -1.37311
-1.31949 -0.985176 -1.2432
-0.646091 -0.673697 -0.925913
-0.960346 -0.543163 -0.792125
-0.836889 -0.529576 -0.703964
-0.573139 -0.408056 -0.545842
-0.455294 -0.31885 -0.36242
-0.152262 -0.229996 -0.251635
-0.281331 -0.182042 -0.327539
-0.589974 -0.329325 -0.480994
-0.488964 -0.429255 -0.61448
-0.618033 -0.522516 -0.70282
-0.713432 -0.533898 -0.697146
-0.584363 -0.505557 -0.540688
-0.320613 -0.325303 -0.368398
-0.208379 -0.150379 -0.234268
-0.0231931 -0.0401759 -0.0546444
0.128323 0.0902583 -0.0656602
-0.236438 -0.160946 -0.159669
-0.236438 -0.095679 -0.135338
0.0273121 0.0320762 0.00252221
0.010477 0.181973 0.00841895
-0.185932 -0.0620201 -0.0888436
-0.230826 -0.243295 -0.158479
-0.141039 -0.236522 -0.100865
0.0385355 -0.212296 -0.0762967
-0.0793101 -0.148242 -0.119466
-0.124204 -0.137296 -0.148734
-0.174709 -0.120931 -0.115863
-0.0288048 0.0148929 0.00392767
0.21811 0.0641961 0.107021
-0.0736984 -0.111368 -0.017011
-0.281331 -0.240647 -0.137259
-0.129815 -0.0831801 -0.0503014
0.201275 0.154322 0.0357931
0.0722057 0.126361 0.0744031
0.111488 0.069078 0.194443
0.369626 0.20607 0.405191
0.470636 0.306561 0.560648
0.689492 0.43311 0.625658
0.678269 0.508021 0.613979
0.571647 0.504878 0.57151
0.622152 0.506452 0.598198
0.807338 0.61731 0.638019
0.638987 0.624025 0.644003
0.61654 0.663987 0.709774
0.796115 0.758215 0.83324
0.779279 0.863256 0.809059
0.667045 0.796223 0.561608
0.476248 0.743164 0.551077
0.796115 0.787616 0.637585
0.386461 0.69277 0.537843
0.61654 0.593543 0.503281
0.560423 0.637411 0.469842
0.627764 0.54372 0.493097
0.667045 0.617073 0.541743
0.571647 0.63981 0.533618
0.493083 0.613485 0.568497
0.633375 0.681516 0.668426
0.88029 0.797196 0.760379
0.975689 0.792395 0.7082
0.779279 0.702424 0.628038
0.717551 0.655154 0.666686
0.863455 0.742864 0.772644
0.661434 0.77591 0.688098
0.526753 0.587681 0.685248
0.885902 0.759485 0.820554
0.958854 0.899329 0.845094
0.498695 0.729286 0.667119
0.532365 0.852075 0.611016
0.768056 0.791553 0.75985
0.902737 0.91636 0.891174
0.768056 0.903271 0.931782
1.00375 0.941499 1.01164
0.818561 1.05943 1.05397
1.03181 1.034 1.00888
1.0767 1.00938 0.986899
1.11037 1.01334 0.985228
1.11598 0.994505 1.02844
1.01497 0.974537 1.0957
1.0767 1.10411 1.12484
1.00936 1.19948 1.01615
0.521141 1.1192 0.747144
0.51553 0.96858 0.583394
0.801726 0.868265 0.656941
0.818561 0.995622 0.771787
0.953242 1.01071 0.802033
0.756833 0.874221 0.736258
0.796115 0.751792 0.755192
1.04864 0.831665 0.871774
1.08231 0.963365 0.947466
1.13282 0.932443 0.935151
0.908348 0.90712 0.849368
0.964465 0.90992 0.848959
1.06548 0.931722 0.959048
1.14404 0.9872 1.0964
1.27311 1.06795 1.22276
1.28433 1.10734 1.29016
1.25066 1.07343 1.24308
1.18332 1.05714 1.18277
1.25066 1.09141 1.21044
1.30678 1.15733 1.23915
1.35728 1.1952 1.22456
1.31239 1.25465 1.26353
1.28994 1.20674 1.26661
1.1721 1.22013 1.18245
1.14965 1.18465 1.11309
1.06548 1.15959 1.08846
1.27872 1.10099 1.16797
1.13282 1.13458 1.21459
1.1272 1.18617 1.12201
1.03742 1.04431 1.01031
0.863455 0.927578 0.963809
1.03181 0.998955 1.04358
1.14965 1.16903 1.19327
1.11037 1.14055 1.25864
1.27311 1.08147 1.2619
1.20016 1.22555 1.26861
1.2675 1.26683 1.2869
1.25066 1.27185 1.2915
1.20577 1.28386 1.30849
1.38534 1.26973 1.35248
1.47513 1.24634 1.40817
1.35728 1.28033 1.38482
1.29556 1.27405 1.31143
1.32923 1.31809 1.29515
1.46391 1.28003 1.31125
