0.773668 0.710606 0.777424
0.841008 0.759872 0.748723
0.784891 0.825913 0.743587
0.897125 0.84712 0.724932
0.869067 0.850328 0.802541
0.784891 0.796076 0.783011
0.599705 0.732155 0.70545
0.667045 0.807292 0.723225
0.711939 0.904172 0.757854
0.711939 1.00363 0.814162
0.885902 1.0256 0.874246
0.88029 0.991266 0.815831
0.420131 0.814086 0.673664
0.420131 0.80953 0.562079
0.487471 0.623913 0.602909
0.560423 0.548961 0.60066
0.453801 0.452338 0.468043
0.358402 0.452342 0.398477
0.28545 0.475254 0.397732
0.358402 0.367326 0.437839
0.504306 0.430616 0.52721
0.509918 0.565279 0.579646
0.31912 0.499338 0.398225
0.066594 0.209495 0.210944
0.100264 0.282837 0.228293
0.526753 0.497055 0.385459
0.386461 0.495934 0.43523
0.414519 0.3979 0.469194
0.751221 0.433426 0.56218
0.857843 0.453101 0.541254
0.358402 0.455049 0.37961
0.0273121 0.438565 0.26679
0.246168 0.302056 0.290242
0.487471 0.243394 0.398628
0.521141 0.378414 0.346615
0.100264 0.0767457 0.11947
-0.141039 -0.0674476 -0.0835488
-0.0961452 -0.0627674 -0.108357
-0.0849218 -0.110816 0.00308511
-0.0175814 0.130188 -0.0610467
-0.326225 -0.235576 -0.220327
-0.337448 -0.276386 -0.261335
-0.0288048 -0.0660927 -0.116949
0.0160887 0.180415 0.0733966
0.240557 0.114672 0.101806
-0.14665 -0.187725 -0.0837095
-0.371118 -0.351715 -0.230402
-0.197156 -0.37739 -0.204324
-0.0793101 -0.236878 -0.149399
-0.275719 -0.228991 -0.149244
-0.331836 -0.111198 -0.18387
-0.208379 -0.0732146 -0.139251
-0.0512516 -0.0511321 -0.0989234
0.0329238 -0.135401 -0.0612021
0.167605 -0.292436 -0.08094
0.0834291 -0.305006 -0.156795
-0.169097 -0.227118 -0.279015
-0.129815 -0.293005 -0.32558
-0.202767 -0.357235 -0.350114
-0.169097 -0.343207 -0.44526
-0.584363 -0.604373 -0.58164
-0.657315 -0.734965 -0.662272
-0.67415 -0.675341 -0.60285
-0.634868 -0.496458 -0.550946
-0.612421 -0.571599 -0.599843
-0.898618 -0.63166 -0.676847
-0.965958 -0.644111 -0.688103
-0.870559 -0.520655 -0.625959
-0.915453 -0.447249 -0.59283
-0.836889 -0.461911 -0.556608
-0.77516 -0.451239 -0.509359
-0.758325 -0.46852 -0.523965
-0.662927 -0.599195 -0.543413
-0.60681 -0.521063 -0.654698
-0.651703 -0.74719 -0.856627
-1.22971 -1.33265 -1.1679
-1.37561 -1.37215 -1.46507
-1.61691 -1.3256 -1.52695
-1.78527 -1.26149 -1.51598
-1.79088 -1.35498 -1.49267
-1.5608 -1.21638 -1.48195
-1.61691 -1.32082 -1.28402
-1.24093 -1.07997 -1.09088
-1.19043 -0.967328 -1.09204
-1.56641 -1.04854 -1.21233
-1.43734 -0.931993 -1.42069
-1.51029 -1.36554 -1.5017
-1.65059 -1.3673 -1.56555
-1.93678 -1.41296 -1.53868
-1.75721 -1.352 -1.36848
-1.19604 -1.15456 -1.18311
-1.23532 -0.981644 -1.10157
-1.06697 -0.808886 -1.03745
-1.11747 -1.00114 -1.06775
-1.39806 -1.11808 -1.2079
-1.25777 -1.13549 -1.30761
-1.40928 -1.21021 -1.25901
-1.49907 -1.31708 -1.31617
-1.67864 -1.33479 -1.4802
-1.64497 -1.43399 -1.53172
-1.00524 -1.49052 -1.4143
-0.977182 -1.42207 -1.30919
-1.39806 -1.41646 -1.39721
-1.70109 -1.52511 -1.53773
-1.75721 -1.52899 -1.65662
-1.88628 -1.51135 -1.76078
-1.89189 -1.62153 -1.76812
-1.78527 -1.69836 -1.79438
-1.87505 -1.75699 -1.85691
-1.94239 -1.81342 -1.84287
-1.90311 -1.859 -1.78165
-1.72354 -1.80456 -1.69826
-1.43173 -1.85193 -1.63363
-1.42051 -1.84009 -1.63577
-1.67864 -1.81024 -1.66621
-1.90311 -1.78955 -1.63951
-1.76843 -1.5458 -1.61024
-1.71231 -1.51222 -1.64931
-1.60569 -1.78636 -1.66265
-2.00973 -1.76475 -1.74969
-2.06024 -1.75168 -1.80187
-2.01535 -1.55304 -1.81682
-1.76843 -1.70314 -1.85073
-1.86944 -1.96469 -1.94275
-2.08269 -2.041 -2.01049
-1.93117 -1.99371 -1.88377
-1.98168 -1.79484 -1.76779
-1.8975 -1.61365 -1.731
-1.93678 -1.65186 -1.72033
-1.85261 -1.57856 -1.69711
-1.79649 -1.66538 -1.72437
-1.948 -1.72611 -1.77861
-1.85822 -1.69711 -1.65177
-1.83016 -1.42183 -1.51358
-1.5159 -1.20367 -1.37912
-1.34755 -1.37343 -1.32606
-1.61691 -1.48618 -1.2996
-1.63936 -1.29671 -1.24687
-1.38684 -0.99734 -1.17061
-1.14553 -1.19057 -1.20942
-1.34755 -1.40453 -1.29915
-1.71231 -1.37216 -1.39405
-1.61691 -1.20912 -1.35651
-1.07258 -1.33828 -1.30888
-1.00524 -1.53224 -1.22664
-0.853724 -1.41631 -1.0478
-0.758325 -1.31026 -1.03661
-0.960346 -1.34398 -1.21546
-1.28021 -1.3629 -1.35644
-1.21287 -1.32791 -1.3138
-1.2746 -1.36129 -1.2907
-1.35878 -1.30564 -1.31618
-1.42051 -1.24341 -1.33209
-1.24654 -1.21455 -1.32622
-1.20165 -1.43902 -1.38145
-1.39806 -1.51082 -1.47898
-1.39806 -1.4698 -1.54116
-1.51029 -1.47388 -1.39392
-1.21848 -1.30052 -1.33221
-1.09503 -1.46392 -1.36586
-1.26338 -1.5073 -1.45017
-1.2746 -1.4469 -1.34201
-1.10064 -1.28535 -1.14723
-1.19043 -1.12883 -1.07602
-1.16798 -0.935508 -1.08714
-1.06136 -0.88354 -1.08107
-1.17359 -1.08788 -1.04595
-1.13992 -1.06158 -1.0193
-1.03891 -0.969059 -1.06479
-1.10625 -0.971144 -1.14567
-1.15114 -1.04406 -1.13352
-1.07819 -0.945606 -1.04512
-0.893006 -0.771031 -0.943916
-0.803219 -0.656229 -0.751314
-0.500187 -0.47617 -0.622566
-0.786384 -0.807111 -0.719432
-0.803219 -0.90362 -0.779231
-0.618033 -0.783679 -0.685375
-0.735879 -0.706956 -0.634827
-0.60681 -0.807092 -0.777393
-0.859336 -0.992047 -0.951667
-0.831277 -1.02225 -0.978808
-0.921065 -0.874244 -0.849534
-0.690985 -0.682865 -0.685677
-0.612421 -0.560027 -0.592976
-0.685373 -0.537345 -0.592136
-0.662927 -0.525607 -0.571093
-0.533857 -0.445137 -0.424697
-0.354283 -0.240959 -0.249903
-0.230826 -0.117991 -0.139435
-0.247661 -0.130038 -0.188282
-0.247661 -0.273097 -0.269781
-0.185932 -0.347609 -0.337385
-0.387953 -0.381438 -0.380943
-0.197156 -0.313093 -0.37903
-0.399177 -0.386189 -0.442326
-0.623645 -0.393679 -0.556
-0.702208 -0.608747 -0.633306
-0.612421 -0.605829 -0.630431
-0.595586 -0.480113 -0.579205
-0.286943 -0.357774 -0.451087
-0.320613 -0.225832 -0.328219
-0.292555 -0.196272 -0.227487
-0.0400282 -0.0853982 -0.185076
0.010477 -0.0363155 -0.105313
0.0722057 -0.0316157 0.00791565
-0.0175814 0.221926 0.0184214
-0.0400282 0.219369 -0.0595614
-0.292555 -0.028176 -0.227364
-0.399177 -0.251198 -0.378037
-0.393565 -0.318516 -0.400572
-0.427235 -0.265817 -0.347545
-0.247661 -0.282312 -0.204422
-0.0905335 -0.100647 0.038142
0.105876 0.338491 0.244866
0.223721 0.498727 0.338861
0.229333 0.264893 0.199757
0.0441472 0.0879513 0.00869155
-0.0119697 -0.00381437 -0.0434055
0.0217004 0.11386 0.001683
0.0553706 0.178892 0.077644
0.122711 0.159454 0.24803
0.352791 0.438093 0.408626
0.521141 0.674294 0.510869
0.352791 0.569742 0.385463
0.234945 0.272648 0.318578
0.448189 0.309711 0.376817
0.364014 0.294798 0.381647
0.521141 0.37159 0.515911
0.841008 0.623985 0.627344
0.448189 0.629203 0.468384
0.167605 0.479395 0.333212
0.263003 0.577748 0.34417
0.190051 0.551103 0.381912
0.375237 0.49923 0.319037
0.111488 0.412026 0.170108
0.257392 0.321546 0.159875
0.28545 0.282676 0.242258
0.425743 0.41654 0.365172
0.470636 0.537611 0.492121
0.5492 0.692269 0.523177
0.532365 0.645281 0.506208
0.48186 0.664502 0.493588
0.526753 0.570697 0.50716
0.554812 0.514569 0.558835
0.442578 0.598456 0.564914
0.560423 0.668993 0.52094
0.448189 0.681067 0.51207
0.487471 0.662992 0.552831
0.588482 0.547698 0.554209
0.661434 0.511048 0.6083
0.706327 0.643281 0.673478
0.824173 0.607867 0.699412
0.711939 0.568243 0.645681
0.779279 0.532368 0.628868
0.885902 0.690067 0.809806
1.07109 0.982046 0.94531
0.65021 0.937136 0.799868
0.5492 0.822309 0.748557
0.986912 0.935832 0.872955
0.9813 1.00341 0.884268
0.818561 0.748093 0.830092
0.902737 0.806203 0.810774
0.9813 0.847556 0.853339
0.936407 0.954862 0.992928
1.08231 1.1195 1.21127
1.39657 1.30218 1.30757
0.84662 1.31212 1.10911
0.773668 1.22358 0.944343
0.9813 0.97794 0.93668
1.05425 0.992145 0.941421
0.919572 0.994268 0.930981
0.768056 1.0778 0.895243
0.953242 1.03018 0.972385
0.930795 1.16289 1.10302
0.925184 1.1223 1.05125
0.835396 0.928298 0.905882
0.885902 0.83731 0.868573
0.975689 0.896696 0.988569
1.06548 1.03114 1.09407
1.14965 1.14797 1.13133
1.06548 0.991322 1.18194
1.00375 1.11825 1.17718
0.942019 1.24611 1.05445
0.925184 1.15786 0.994424
0.975689 1.0595 0.995243
0.84662 1.14443 1.02206
0.852231 1.22402 1.00068
0.762444 1.13489 0.940272
0.784891 1.13704 0.974625
0.953242 1.15759 1.0651
1.09353 1.25605 1.15947
1.08231 1.34903 1.18375
1.0767 1.25427 1.17821
1.15526 1.19635 1.20054
1.11037 1.22222 1.18302
1.0767 1.24516 1.10758
1.13843 1.21773 1.0643
0.9813 1.2365 1.06348
0.953242 1.27394 1.0546
1.04303 1.20039 1.03465
0.9813 1.13043 1.04411
1.07109 1.09303 1.15834
1.31239 1.27337 1.37018
1.32361 1.43291 1.50889
0.891513 1.44179 1.33877
0.975689 1.35993 1.20702
1.15526 1.29778 1.27037
1.21138 1.25534 1.25743
1.04864 1.22669 1.17303
0.986912 1.20856 1.10811
1.08792 1.32878 1.13918
1.00375 1.40521 1.21639
1.09915 1.44437 1.29521
1.24505 1.36902 1.29893
1.23383 1.21054 1.25931
1.29556 1.19509 1.23779
1.32923 1.27362 1.26809
1.24505 1.32282 1.23707
1.16087 1.20011 1.1906
1.20016 1.21748 1.19638
1.27311 1.23486 1.23874
1.21699 1.26085 1.23865
1.1721 1.23659 1.23362
1.21138 1.25356 1.27969
1.32361 1.29388 1.34759
1.37973 1.3637 1.36337
1.21138 1.39985 1.3234
1.23383 1.35924 1.3089
1.35728 1.34409 1.34622
1.37412 1.29724 1.34947
1.17771 1.25128 1.3254
1.30678 1.22751 1.27943
1.20016 1.22901 1.21831
1.20016 1.19737 1.19175
1.16649 1.24036 1.15177
1.19454 1.17412 1.18415
1.2226 1.19792 1.20432
1.19454 1.2107 1.19875
1.19454 1.22104 1.18961
1.11037 1.16985 1.16572
1.03742 1.14798 1.12286
1.02619 1.15387 1.10658
1.10476 1.21855 1.16332
1.25066 1.21954 1.20496
1.1272 1.19853 1.15305
0.975689 1.09364 1.04766
0.958854 0.99106 0.976563
1.14404 1.01875 0.998036
1.05425 1.0494 1.02893
0.986912 1.05993 0.959201
0.784891 0.948485 0.834491
0.863455 0.92606 0.840389
0.857843 0.938415 0.885417
0.841008 0.957754 0.867768
0.857843 0.952776 0.878937
0.908348 1.07757 0.922203
0.9813 1.06715 0.954458
0.84662 0.978771 0.906297
0.852231 0.973964 0.824634
0.678269 0.917178 0.779677
0.796115 0.807284 0.779474
1.00375 0.779901 0.844106
0.925184 0.90505 0.90898
0.745609 0.929821 0.874689
0.633375 0.814923 0.7645
0.695104 0.746516 0.733404
0.739998 0.835484 0.778638
0.683881 0.956732 0.818034
0.885902 0.911938 0.753357
0.5492 0.809547 0.613901
0.498695 0.669812 0.495499
0.459413 0.585062 0.443457
0.566035 0.535458 0.530855
0.633375 0.583308 0.693157
0.762444 0.72758 0.835091
0.756833 0.859263 0.958316
0.857843 0.91949 0.999527
0.779279 0.899365 0.968474
1.07109 0.828598 0.939901
0.874678 0.787804 0.859882
0.773668 0.833399 0.815965
0.801726 0.818224 0.860833
0.745609 0.867151 0.854994
0.717551 0.859638 0.748525
0.51553 0.56621 0.575287
0.341567 0.400101 0.423601
0.487471 0.426371 0.461168
0.532365 0.489248 0.586835
0.695104 0.492611 0.625063
0.509918 0.478797 0.59261
0.633375 0.572577 0.512547
0.706327 0.430001 0.442624
0.5492 0.355094 0.432133
0.470636 0.414528 0.44367
0.476248 0.37621 0.441692
0.436966 0.278978 0.456574
0.638987 0.26311 0.391294
0.392072 0.123168 0.206318
-0.0849218 -0.0692854 0.0293627
0.0273121 0.0310846 0.0551946
0.229333 0.13501 0.246648
0.0609823 0.268 0.257462
-0.0119697 0.211139 0.141579
-0.0175814 0.0644374 0.00639522
-0.0400282 -0.101251 -0.135434
-0.197156 -0.36546 -0.253858
-0.191544 -0.324064 -0.283991
-0.174709 -0.187774 -0.277108
-0.236438 -0.177509 -0.308664
-0.326225 -0.339538 -0.301347
-0.303778 -0.229012 -0.214142
-0.14665 -0.073939 -0.0876751
0.128323 0.00927619 0.0326649
0.128323 -0.0661491 0.000228058
-0.281331 -0.349914 -0.18447
-0.337448 -0.438604 -0.342568
-0.44407 -0.416829 -0.384171
-0.517022 -0.419053 -0.369407
-0.421624 -0.399319 -0.304525
-0.432847 -0.354249 -0.295569
-0.477741 -0.338495 -0.291359
-0.455294 -0.303044 -0.169206
-0.118592 -0.124421 0.00663439
-0.11298 0.0231368 0.0541944
-0.00635805 -0.117672 -0.182443
-0.735879 -0.535104 -0.60278
-0.881783 -0.92262 -0.856852
-0.702208 -0.883018 -0.879822
-0.60681 -0.798512 -0.725775
-0.522634 -0.702898 -0.580877
-0.533857 -0.619627 -0.45082
-0.281331 -0.35169 -0.349403
-0.432847 -0.349638 -0.226196
-0.0905335 -0.0784911 -0.189641
-0.44407 -0.332637 -0.414704
-0.921065 -0.732565 -0.67722
-0.954735 -0.795787 -0.717279
-0.539469 -0.640677 -0.618611
-0.808831 -0.754466 -0.73506
-1.02208 -0.919614 -0.829867
-1.0838 -0.891403 -0.749351
-0.556304 -0.671089 -0.573599
-0.601198 -0.552494 -0.369992
-0.595586 -0.280126 -0.272323
-0.618033 -0.410518 -0.424975
-0.814442 -0.626088 -0.665866
-1.12309 -0.827262 -0.709734
-0.893006 -0.72088 -0.716749
-0.814442 -0.859872 -0.762293
-0.752714 -1.01148 -0.794622
-0.999628 -0.939761 -0.799821
-0.780772 -0.907934 -0.940694
-1.09503 -1.15412 -1.12949
-1.26338 -1.2139 -1.16195
-0.921065 -1.05528 -1.04727
-1.11747 -1.01912 -0.936672
-0.719043 -0.914593 -0.845676
-1.14553 -0.887773 -0.952563
-1.33633 -0.942169 -1.09039
-0.949123 -1.08449 -1.21024
-1.15114 -1.48342 -1.30878
-1.15676 -1.46234 -1.38002
-1.21287 -1.27305 -1.29874
-1.48223 -1.16913 -1.15483
-1.26338 -0.968791 -0.995609
-0.842501 -1.02971 -0.95614
-1.08942 -1.41898 -1.07532
-1.28582 -1.46385 -1.2056
-1.03891 -1.47406 -1.23589
-0.842501 -1.44547 -1.19349
-0.561916 -1.43758 -1.2485
-1.24654 -1.46781 -1.26243
-0.808831 -1.41492 -1.05813
-0.949123 -1.24189 -0.988404
-1.00524 -1.25202 -1.11732
-1.13431 -1.27768 -1.23067
-1.28021 -1.40022 -1.36759
-1.65059 -1.57261 -1.4802
-1.69548 -1.63416 -1.58442
-1.90311 -1.65385 -1.61716
-1.72915 -1.56441 -1.57567
-1.73476 -1.4136 -1.57813
-1.85822 -1.52319 -1.59507
-1.97606 -1.69055 -1.52033
-1.77965 -1.40908 -1.35837
-1.56641 -1.14054 -1.26291
-1.47662 -1.19245 -1.21729
-1.43734 -1.28076 -1.24764
-1.52713 -1.27132 -1.28871
-1.36439 -1.12745 -1.29614
-1.5608 -1.20035 -1.27824
-1.0333 -1.35213 -1.25947
-1.11186 -1.47658 -1.27383
-1.39806 -1.45574 -1.24545
-1.42051 -1.35985 -1.17671
-1.17359 -1.36082 -1.1966
-1.53835 -1.46517 -1.33026
-1.38684 -1.49779 -1.28507
-1.21848 -1.45771 -1.19356
-1.2241 -1.50543 -1.15653
-1.00524 -1.39491 -1.10039
-0.758325 -1.39648 -1.01267
-0.825666 -1.38386 -1.03014
-0.887394 -1.43799 -1.1063
-0.803219 -1.46278 -1.074
-0.735879 -1.36559 -1.0247
-0.825666 -1.33099 -1.02704
-0.921065 -1.34769 -1.09997
-1.10064 -1.38428 -1.18986
-1.44856 -1.41321 -1.2202
-1.34755 -1.35464 -1.15081
-1.36439 -1.25963 -1.09967
-1.45979 -1.21344 -1.15202
-1.44856 -1.13181 -1.19378
-1.34755 -1.14478 -1.13171
-1.31388 -1.03504 -1.0408
-1.11186 -0.943967 -0.86833
-0.213991 -0.754458 -0.645691
-0.646091 -0.803794 -0.785743
-1.36439 -1.0007 -1.11084
-1.16798 -1.18211 -1.32026
-1.24654 -1.49531 -1.38584
-1.54396 -1.33699 -1.38615
-1.22971 -1.30632 -1.21627
-0.74149 -1.13745 -1.01736
-0.60681 -1.00788 -0.907464
-1.14553 -0.973632 -1.02265
-1.21287 -1.07395 -1.11975
-1.16798 -1.07619 -1.11657
-1.20726 -0.93507 -1.13549
-1.06697 -1.03295 -1.09649
-1.12309 -1.04669 -1.16173
-1.04452 -1.13654 -1.19989
-0.881783 -1.16859 -1.1573
-0.831277 -1.12472 -1.09141
-1.16237 -1.11785 -1.08009
-1.11186 -1.04401 -1.07992
-1.07258 -0.984492 -1.00259
-0.657315 -0.894462 -0.842467
-0.747102 -0.72714 -0.658497
-0.589974 -0.576729 -0.580436
-0.702208 -0.591394 -0.700477
-1.07258 -0.646895 -0.924336
-0.870559 -0.822943 -1.01782
-0.842501 -0.854563 -1.02809
-1.08942 -0.683201 -1.01154
-1.01646 -0.748838 -0.941695
-0.780772 -0.880108 -0.891388
-1.12309 -0.843013 -0.99441
-1.09503 -0.855318 -1.0245
-0.97157 -0.728268 -0.908552
-0.623645 -0.640114 -0.850024
-0.522634 -0.819736 -0.806009
-0.298166 -0.733013 -0.703543
-0.432847 -0.626454 -0.640071
-0.460905 -0.615302 -0.591497
-0.286943 -0.551827 -0.547514
-0.511411 -0.486831 -0.539651
-0.494576 -0.433369 -0.560806
-0.432847 -0.495735 -0.576009
-0.601198 -0.527984 -0.562534
-0.416012 -0.510481 -0.584765
-0.533857 -0.575817 -0.622218
-0.460905 -0.506114 -0.600982
-0.303778 -0.414647 -0.554297
-0.466517 -0.417257 -0.495537
-0.393565 -0.335046 -0.282615
0.0609823 0.0249173 -0.0638419
-0.00635805 0.165309 -0.026866
-0.14665 -0.170333 -0.182575
-0.236438 -0.387554 -0.352273
-0.270108 -0.452617 -0.359416
-0.230826 -0.360206 -0.266257
-0.157874 -0.123705 -0.14129
-0.124204 0.0516383 -0.0720359
-0.0344165 0.0885987 -0.0509356
0.0329238 -0.0141754 -0.0368902
0.0722057 0.0296675 -0.00212155
0.167605 0.042342 0.0783182
0.21811 0.0812015 0.127897
0.133934 0.149713 0.124383
0.18444 0.151055 0.17276
0.397684 0.256536 0.321073
0.397684 0.476582 0.392213
0.392072 0.24235 0.266521
-0.0793101 -0.0735593 0.0703543
-0.0119697 0.11695 0.0651371
0.274227 0.358507 0.210133
0.414519 0.394531 0.41304
0.465024 0.556449 0.456376
0.257392 0.218683 0.366757
0.493083 0.284766 0.427421
0.667045 0.475929 0.636575
1.03742 0.611549 0.801497
0.487471 0.532559 0.629805
0.139546 0.307907 0.374534
0.386461 0.389224 0.342297
0.442578 0.536017 0.423573
0.414519 0.59053 0.434288
0.622152 0.510312 0.435022
0.605317 0.466791 0.42023
0.453801 0.449732 0.359268
0.476248 0.422399 0.351125
0.470636 0.449095 0.374758
0.504306 0.46472 0.432439
0.610929 0.526848 0.490841
0.594093 0.45637 0.494066
0.700716 0.373078 0.506934
0.627764 0.490782 0.489628
0.655822 0.57036 0.482434
0.667045 0.594209 0.537766
0.756833 0.731282 0.692399
1.02619 0.810845 0.74428
0.953242 0.683986 0.765311
1.02619 0.731995 0.881104
1.1721 0.847076 1.066
1.16649 1.07774 1.15317
0.897125 1.15155 0.971755
0.498695 0.849931 0.714715
0.532365 0.813303 0.61194
0.65021 0.869452 0.639467
0.65021 0.855465 0.748635
0.509918 1.00572 0.815888
0.622152 0.932091 0.751117
0.588482 0.74535 0.740247
0.723162 0.811861 0.771156
0.835396 0.821241 0.757347
0.841008 0.789301 0.830655
0.91396 0.863023 0.9775
1.02619 1.07776 1.07203
1.09915 1.13375 1.0606
1.02058 1.07352 1.03399
0.897125 1.05592 0.952858
1.10476 0.861776 0.929878
1.04864 0.769986 0.892588
0.998136 0.886103 0.917792
1.18893 1.00234 1.02399
1.2226 1.05256 1.13004
1.38534 1.15007 1.22382
1.13843 1.25227 1.26796
0.992524 1.31233 1.08801
0.902737 1.11149 0.856089
0.897125 0.868728 0.849354
0.94763 0.978975 1.01016
1.04864 1.08748 1.0959
0.908348 1.09443 1.01825
1.00375 0.981365 0.968076
1.06548 1.03492 1.04732
1.27311 1.13587 1.18277
1.32361 1.16427 1.26965
1.35728 1.11209 1.28249
1.37412 1.14142 1.26643
1.35728 1.18843 1.27395
1.37412 1.15801 1.2482
1.16087 1.1565 1.14873
1.14404 1.04516 1.10013
1.29556 1.10529 1.19329
1.32923 1.26567 1.32812
1.318 1.35198 1.32813
1.09353 1.28038 1.1824
1.09915 1.18172 1.11278
1.18332 1.28627 1.19019
1.2226 1.36938 1.2923
1.34045 1.35879 1.29947
1.35167 1.27417 1.28034
1.18893 1.16105 1.24044
1.20577 1.13212 1.13698
1.06548 1.13714 1.09808
1.14965 1.17319 1.12527
1.14404 1.12386 1.18545
1.318 1.21992 1.32014
1.43024 1.31102 1.44443
1.56492 1.36462 1.4618
1.39095 1.35577 1.38203
1.28994 1.30973 1.33905
1.28433 1.35977 1.31657
1.32361 1.27979 1.294
1.28994 1.25383 1.21282
1.16649 1.20062 1.17344
1.24505 1.22234 1.20775
1.29556 1.24433 1.24824
1.27311 1.24763 1.24932
1.2675 1.24956 1.25544
1.31239 1.30249 1.29242
1.318 1.29449 1.32296
1.25627 1.35329 1.32108
1.29556 1.34979 1.33084
1.14404 1.33845 1.25256
0.975689 1.29426 1.11605
0.975689 1.21947 1.04573
0.998136 1.19201 1.07821
1.03181 1.27021 1.09731
1.07109 1.30869 1.09256
1.16649 1.26185 1.12702
1.25066 1.19718 1.1941
1.21699 1.24696 1.19627
1.32361 1.30436 1.21222
1.34606 1.3071 1.2777
1.36851 1.34371 1.29648
1.18893 1.31571 1.22863
1.15526 1.22407 1.18641
0.986912 1.2158 1.14832
1.05425 1.28057 1.04984
0.908348 1.12027 0.950559
1.05425 1.05608 0.956687
1.03742 1.10197 1.00182
0.975689 1.1218 1.02215
0.953242 1.1194 1.07601
1.17771 1.19768 1.17758
1.19454 1.21241 1.2446
1.08231 1.23872 1.23696
1.11037 1.28236 1.17346
1.03181 1.18684 1.12957
1.00936 1.11269 1.09212
0.796115 1.10245 0.978395
0.728774 1.05004 0.822224
0.723162 1.00803 0.784185
0.908348 0.938265 0.85333
1.01497 0.92132 0.940711
1.05425 0.959377 0.993039
1.03181 1.00909 1.02397
1.09353 1.01288 1.01536
1.11037 1.01625 0.981098
1.05986 1.02657 0.991594
1.02619 1.02645 1.01409
1.03742 1.01579 1.02618
1.04303 1.06432 0.977377
0.94763 1.01637 0.875593
0.790503 0.915148 0.793687
0.756833 0.818829 0.721165
0.796115 0.729315 0.730812
0.936407 0.747452 0.775261
0.768056 0.799269 0.780034
0.745609 0.826871 0.741804
0.638987 0.849657 0.72508
0.801726 0.911959 0.791219
0.857843 0.966835 0.851923
0.790503 1.01426 0.8941
0.953242 0.974339 0.899428
0.768056 0.820893 0.780569
0.509918 0.78118 0.617689
0.633375 0.677001 0.575122
0.453801 0.495046 0.505198
0.335955 0.34561 0.40317
0.436966 0.305703 0.351244
0.431354 0.282736 0.398006
0.476248 0.329777 0.51842
0.498695 0.496488 0.581032
0.380849 0.50939 0.51244
0.369626 0.380498 0.390301
0.223721 0.26726 0.337681
0.386461 0.401201 0.494116
0.622152 0.559541 0.600823
0.375237 0.482068 0.402206
0.352791 0.218947 0.258561
0.195663 0.128041 0.212469
0.195663 0.208312 0.209596
0.128323 0.250316 0.146707
0.100264 0.148648 0.0713669
0.0441472 0.10513 0.0719886
0.145158 0.172483 0.197306
0.279838 0.302527 0.238057
0.246168 0.228539 0.147122
0.111488 -0.0106419 -0.00154528
0.190051 -0.0830106 -0.0205296
0.156381 0.0117701 0.0270791
0.178828 0.0123417 0.0438382
0.0834291 0.00107435 0.0476476
0.00486534 0.141413 0.00982537
-0.0119697 0.0584806 -0.0491513
0.0385355 -0.117558 -0.0767781
-0.0400282 -0.150737 -0.0741124
-0.0288048 -0.069248 -0.0543607
0.010477 -0.00115921 -0.00431715
0.139546 0.0240517 0.0190526
0.0441472 -0.0406327 0.0328294
0.0385355 -0.0378994 0.0988178
0.145158 0.0629231 0.20017
0.302285 0.144632 0.283386
0.28545 0.157115 0.298662
0.128323 0.0307978 0.109078
-0.286943 -0.160053 -0.147133
-0.315001 -0.373973 -0.252621
-0.118592 -0.344065 -0.273048
-0.298166 -0.404857 -0.317711
-0.432847 -0.532096 -0.400913
-0.460905 -0.512574 -0.394407
-0.365507 -0.441207 -0.230462
0.0217004 -0.249983 -0.165699
-0.292555 -0.253111 -0.365749
-0.634868 -0.533286 -0.587318
-0.713432 -0.706698 -0.636372
-0.483352 -0.589596 -0.67862
-0.74149 -0.759406 -0.707482
-0.769549 -0.690368 -0.576445
-0.528246 -0.433325 -0.414361
-0.584363 -0.398738 -0.49026
-0.786384 -0.809982 -0.701733
-0.904229 -0.900563 -0.828106
-0.623645 -0.84893 -0.843415
-0.831277 -0.936064 -0.975079
-1.06136 -1.16442 -1.17536
-1.31949 -1.30635 -1.39094
-1.14553 -1.35958 -1.32212
-0.763937 -1.23494 -1.07493
-0.758325 -1.04508 -0.960716
-0.9379 -1.13905 -0.994176
-0.932288 -1.19381 -1.04093
-1.06697 -1.17999 -1.06012
-1.20165 -1.23534 -1.09802
-1.20726 -1.26578 -1.10021
-1.10625 -1.26287 -1.04821
-1.05013 -1.1245 -0.89596
-0.904229 -0.964206 -0.769637
-1.10625 -1.038 -0.890572
-1.11186 -1.04828 -1.02906
-1.00524 -1.0153 -1.07073
-0.999628 -1.19956 -0.989746
-0.629256 -1.10123 -0.911633
-0.9379 -0.963046 -0.95721
-0.797607 -0.810141 -0.971408
-0.932288 -0.975784 -0.981145
-0.932288 -1.11993 -1.06876
-1.06136 -1.30252 -1.0579
-1.01085 -1.18059 -0.959418
-0.864948 -0.918645 -0.979159
-0.921065 -1.25906 -0.94906
-1.04452 -1.08452 -0.880456
-1.07258 -1.00846 -0.885045
-1.43173 -1.07776 -0.979409
-1.40367 -0.97611 -1.10944
-1.07819 -1.10099 -1.24731
-1.49346 -1.32677 -1.40853
-1.63936 -1.41186 -1.50226
-1.76843 -1.23499 -1.60046
-1.60008 -1.52054 -1.55771
-1.53274 -1.47809 -1.49615
-1.48223 -1.34474 -1.55811
-1.54396 -1.44864 -1.57365
-1.6113 -1.5254 -1.47252
-1.29705 -1.40579 -1.33401
-1.32511 -1.40043 -1.40421
-1.28582 -1.62469 -1.42521
-1.0838 -1.58643 -1.41619
-1.35878 -1.58781 -1.5711
-1.80771 -1.79698 -1.71191
-1.34194 -1.87579 -1.54777
-0.808831 -1.79039 -1.16477
-0.657315 -1.33436 -0.915973
-0.909841 -1.23051 -0.943884
-0.994017 -1.42363 -1.18458
-1.42612 -1.62146 -1.36946
-1.25777 -1.62402 -1.3711
-1.09503 -1.57519 -1.29814
-1.24654 -1.62739 -1.34669
-1.49907 -1.67113 -1.35622
-1.04452 -1.47571 -1.29484
-1.07819 -1.64978 -1.26307
-1.07258 -1.63381 -1.29177
-1.12309 -1.56873 -1.23901
-0.887394 -1.4184 -1.16214
-0.949123 -1.43931 -1.20671
-0.954735 -1.48211 -1.28888
-1.07258 -1.53768 -1.41799
-1.33072 -1.67446 -1.55609
-1.45979 -1.77314 -1.56411
-1.0333 -1.64582 -1.35101
-0.747102 -1.47919 -1.01244
-0.511411 -1.17262 -0.837792
-0.679762 -1.13291 -0.817487
-0.573139 -1.18718 -0.875888
-0.719043 -1.20798 -0.96536
-0.797607 -1.30275 -1.03004
-0.954735 -1.25912 -1.1707
-1.26338 -1.28527 -1.31528
-1.25215 -1.35174 -1.39225
-1.15676 -1.39059 -1.3501
-1.19043 -1.38735 -1.29707
-1.2746 -1.42566 -1.31093
-1.26899 -1.4436 -1.32673
-1.29144 -1.45127 -1.22867
-1.06697 -1.34915 -1.07194
-0.965958 -1.31099 -0.975987
-0.904229 -1.21939 -1.02817
-1.21848 -1.15531 -1.05887
-1.1792 -1.17166 -1.10632
-1.16798 -1.18006 -1.14958
-0.74149 -1.12263 -1.04898
-0.657315 -1.01213 -0.952718
-0.820054 -1.12847 -0.968935
-0.960346 -1.05324 -1.04188
-1.02769 -1.07934 -1.1395
-0.876171 -1.06526 -1.06411
-0.763937 -0.995271 -0.863465
-0.545081 -0.910626 -0.716466
-0.612421 -0.848353 -0.557472
-0.337448 -0.585525 -0.530051
-0.64048 -0.736568 -0.7115
-0.977182 -0.945387 -0.912923
-0.965958 -0.969521 -1.03681
-0.982793 -0.992739 -0.995741
-0.589974 -0.840936 -0.769266
-0.4104 -0.601734 -0.623538
-0.539469 -0.684445 -0.691289
-0.696597 -0.870025 -0.848064
-0.814442 -0.951093 -0.919912
-0.836889 -0.85072 -0.914841
-0.786384 -0.776171 -0.89606
-0.74149 -0.751959 -0.839783
-0.70782 -0.69023 -0.756026
-0.64048 -0.648251 -0.647684
-0.528246 -0.585335 -0.527824
-0.427235 -0.511253 -0.442345
-0.320613 -0.445072 -0.347278
-0.230826 -0.34541 -0.190888
-0.0456399 -0.170003 -0.0487295
0.066594 -0.0181351 0.0319529
0.0553706 -0.10276 0.0578128
-0.00635805 -0.0343565 -0.0144306
-0.0849218 -0.0806372 -0.0178781
0.145158 0.0120022 -0.0118838
-0.0344165 -0.15353 -0.211903
-0.528246 -0.394484 -0.445818
-0.44407 -0.411251 -0.526598
-0.601198 -0.362266 -0.44806
-0.404788 -0.262849 -0.224298
-0.202767 -0.0666354 -0.0981941
-0.124204 0.0334551 0.00579111
-0.152262 0.0655066 -0.0541702
-0.202767 -0.112016 -0.197957
-0.315001 -0.2012 -0.262988
-0.213991 -0.0943367 -0.219722
-0.14665 0.00596786 -0.199962
-0.225214 -0.0486819 -0.203493
-0.197156 -0.1316 -0.0845166
0.111488 0.176124 0.0424519
-0.230826 0.0307927 -0.0687782
-0.387953 -0.284266 -0.242536
-0.337448 -0.280257 -0.357161
-0.662927 -0.333534 -0.455378
-0.505799 -0.317932 -0.42545
-0.34306 -0.169283 -0.281529
-0.062475 -0.0465056 -0.0668968
0.0160887 0.203745 0.0763619
-0.14665 0.326072 0.197565
0.234945 0.470163 0.349035
0.459413 0.301033 0.415004
0.369626 0.269628 0.345808
0.31912 0.225758 0.328665
0.504306 0.226176 0.327162
0.375237 0.180047 0.245868
0.431354 0.173835 0.208475
0.403296 0.123957 0.216424
0.358402 0.101272 0.205327
0.156381 0.136638 0.20712
0.201275 0.208696 0.277483
0.504306 0.328 0.374613
0.397684 0.317762 0.425686
0.442578 0.431892 0.513976
0.689492 0.579976 0.581824
0.526753 0.579923 0.472392
0.436966 0.332879 0.316556
0.117099 0.21302 0.173322
0.117099 0.215449 0.111491
0.229333 0.176077 0.23088
0.51553 0.416189 0.447835
0.509918 0.585037 0.540343
0.453801 0.498564 0.494084
0.526753 0.496798 0.554182
0.728774 0.632831 0.562328
0.392072 0.49394 0.428743
0.442578 0.481605 0.398699
0.532365 0.639494 0.573379
0.818561 0.755779 0.82158
0.919572 0.973107 0.933759
0.717551 0.856433 0.744966
0.431354 0.667931 0.481675
0.521141 0.606125 0.476498
0.599705 0.692445 0.606857
0.521141 0.792523 0.720619
0.768056 0.839124 0.818642
0.807338 0.970397 0.855708
0.891513 0.991797 0.829651
0.633375 0.863949 0.666688
0.532365 0.604138 0.53542
0.672657 0.662156 0.587884
0.683881 0.816527 0.632435
0.599705 0.763453 0.683252
0.779279 0.805742 0.821556
0.745609 0.983514 0.887625
0.779279 0.925633 0.916107
0.91396 1.02799 0.946367
0.925184 1.06753 0.901587
0.588482 0.981995 0.740822
0.638987 0.88533 0.698134
0.745609 0.917334 0.711754
0.756833 0.845029 0.747366
0.695104 0.868399 0.826369
0.773668 0.880158 0.826943
