0.773668 0.710606 0.778397
0.841008 0.759872 0.749649
0.784891 0.825913 0.744201
0.897125 0.84712 0.725105
0.869067 0.850328 0.803264
0.784891 0.796076 0.784162
0.599705 0.732155 0.706239
0.667045 0.807292 0.724191
0.711939 0.904172 0.758315
0.711939 1.00363 0.814545
0.885902 1.0256 0.874734
0.88029 0.991266 0.816626
0.420131 0.814086 0.674568
0.420131 0.80953 0.562985
0.487471 0.623913 0.604382
0.560423 0.548961 0.602258
0.453801 0.452338 0.469178
0.358402 0.452342 0.399662
0.28545 0.475254 0.398793
0.358402 0.367326 0.439289
0.504306 0.430616 0.528622
0.509918 0.565279 0.580852
0.31912 0.499338 0.399116
0.066594 0.209495 0.212585
0.100264 0.282837 0.229461
0.526753 0.497055 0.386268
0.386461 0.495934 0.435775
0.414519 0.3979 0.470249
0.751221 0.433426 0.564011
0.857843 0.453101 0.542832
0.358402 0.455049 0.380581
0.0273121 0.438565 0.267909
0.246168 0.302056 0.29178
0.487471 0.243394 0.400324
0.521141 0.378414 0.347845
0.100264 0.0767457 0.120514
-0.141039 -0.0674476 -0.0819896
-0.0961452 -0.0627674 -0.106867
-0.0849218 -0.110816 0.0043114
-0.0175814 0.130188 -0.0610068
-0.326225 -0.235576 -0.219857
-0.337448 -0.276386 -0.260487
-0.0288048 -0.0660927 -0.116232
0.0160887 0.180415 0.073391
0.240557 0.114672 0.102438
-0.14665 -0.187725 -0.0821955
-0.371118 -0.351715 -0.228505
-0.197156 -0.37739 -0.202267
-0.0793101 -0.236878 -0.148069
-0.275719 -0.228991 -0.148166
-0.331836 -0.111198 -0.183378
-0.208379 -0.0732146 -0.138005
-0.0512516 -0.0511321 -0.0978203
0.0329238 -0.135401 -0.0597399
0.167605 -0.292436 -0.0792956
0.0834291 -0.305006 -0.155093
-0.169097 -0.227118 -0.278206
-0.129815 -0.293005 -0.324461
-0.202767 -0.357235 -0.349154
-0.169097 -0.343207 -0.444735
-0.584363 -0.604373 -0.58103
-0.657315 -0.734965 -0.660921
-0.67415 -0.675341 -0.601606
-0.634868 -0.496458 -0.550329
-0.612421 -0.571599 -0.599372
-0.898618 -0.63166 -0.675979
-0.965958 -0.644111 -0.687296
-0.870559 -0.520655 -0.625367
-0.915453 -0.447249 -0.592693
-0.836889 -0.461911 -0.556436
-0.77516 -0.451239 -0.50889
-0.758325 -0.46852 -0.523473
-0.662927 -0.599195 -0.542016
-0.60681 -0.521063 -0.654012
-0.651703 -0.74719 -0.854972
-1.22971 -1.33265 -1.16733
-1.37561 -1.37215 -1.46477
-1.61691 -1.3256 -1.52661
-1.78527 -1.26149 -1.51612
-1.79088 -1.35498 -1.49287
-1.5608 -1.21638 -1.48265
-1.61691 -1.32082 -1.28424
-1.24093 -1.07997 -1.09081
-1.19043 -0.967328 -1.0923
-1.56641 -1.04854 -1.21253
-1.43734 -0.931993 -1.42175
-1.51029 -1.36554 -1.50249
-1.65059 -1.3673 -1.56595
-1.93678 -1.41296 -1.53914
-1.75721 -1.352 -1.36901
-1.19604 -1.15456 -1.18319
-1.23532 -0.981644 -1.10236
-1.06697 -0.808886 -1.03802
-1.11747 -1.00114 -1.06801
-1.39806 -1.11808 -1.20782
-1.25777 -1.13549 -1.3079
-1.40928 -1.21021 -1.25833
-1.49907 -1.31708 -1.31581
-1.67864 -1.33479 -1.48
-1.64497 -1.43399 -1.53093
-1.00524 -1.49052 -1.41297
-0.977182 -1.42207 -1.30789
-1.39806 -1.41646 -1.3966
-1.70109 -1.52511 -1.53689
-1.75721 -1.52899 -1.65626
-1.88628 -1.51135 -1.76185
-1.89189 -1.62153 -1.76833
-1.78527 -1.69836 -1.79439
-1.87505 -1.75699 -1.85705
-1.94239 -1.81342 -1.84271
-1.90311 -1.859 -1.78144
-1.72354 -1.80456 -1.69746
-1.43173 -1.85193 -1.63222
-1.42051 -1.84009 -1.63422
-1.67864 -1.81024 -1.6649
-1.90311 -1.78955 -1.63841
-1.76843 -1.5458 -1.60955
-1.71231 -1.51222 -1.64932
-1.60569 -1.78636 -1.66157
-2.00973 -1.76475 -1.74865
-2.06024 -1.75168 -1.801
-2.01535 -1.55304 -1.81728
-1.76843 -1.70314 -1.85124
-1.86944 -1.96469 -1.94223
-2.08269 -2.041 -2.0097
-1.93117 -1.99371 -1.88267
-1.98168 -1.79484 -1.76734
-1.8975 -1.61365 -1.73112
-1.93678 -1.65186 -1.72016
-1.85261 -1.57856 -1.69675
-1.79649 -1.66538 -1.72358
-1.948 -1.72611 -1.77834
-1.85822 -1.69711 -1.65113
-1.83016 -1.42183 -1.51342
-1.5159 -1.20367 -1.37946
-1.34755 -1.37343 -1.32613
-1.61691 -1.48618 -1.29814
-1.63936 -1.29671 -1.24562
-1.38684 -0.99734 -1.17038
-1.14553 -1.19057 -1.20963
-1.34755 -1.40453 -1.29803
-1.71231 -1.37216 -1.39328
-1.61691 -1.20912 -1.35609
-1.07258 -1.33828 -1.30768
-1.00524 -1.53224 -1.22524
-0.853724 -1.41631 -1.04589
-0.758325 -1.31026 -1.03537
-0.960346 -1.34398 -1.21408
-1.28021 -1.3629 -1.35531
-1.21287 -1.32791 -1.31222
-1.2746 -1.36129 -1.28968
-1.35878 -1.30564 -1.31546
-1.42051 -1.24341 -1.3319
-1.24654 -1.21455 -1.32561
-1.20165 -1.43902 -1.38088
-1.39806 -1.51082 -1.47774
-1.39806 -1.4698 -1.5405
-1.51029 -1.47388 -1.39268
-1.21848 -1.30052 -1.33201
-1.09503 -1.46392 -1.36504
-1.26338 -1.5073 -1.44921
-1.2746 -1.4469 -1.34118
-1.10064 -1.28535 -1.1463
-1.19043 -1.12883 -1.07574
-1.16798 -0.935508 -1.0876
-1.06136 -0.88354 -1.08167
-1.17359 -1.08788 -1.04565
-1.13992 -1.06158 -1.01888
-1.03891 -0.969059 -1.06474
-1.10625 -0.971144 -1.14602
-1.15114 -1.04406 -1.13341
-1.07819 -0.945606 -1.04519
-0.893006 -0.771031 -0.944806
-0.803219 -0.656229 -0.752081
-0.500187 -0.47617 -0.622524
-0.786384 -0.807111 -0.718279
-0.803219 -0.90362 -0.777265
-0.618033 -0.783679 -0.683886
-0.735879 -0.706956 -0.634039
-0.60681 -0.807092 -0.776471
-0.859336 -0.992047 -0.950449
-0.831277 -1.02225 -0.977516
-0.921065 -0.874244 -0.848861
-0.690985 -0.682865 -0.685303
-0.612421 -0.560027 -0.592695
-0.685373 -0.537345 -0.591921
-0.662927 -0.525607 -0.570773
-0.533857 -0.445137 -0.424348
-0.354283 -0.240959 -0.249528
-0.230826 -0.117991 -0.13932
-0.247661 -0.130038 -0.187975
-0.247661 -0.273097 -0.268996
-0.185932 -0.347609 -0.336112
-0.387953 -0.381438 -0.380264
-0.197156 -0.313093 -0.378464
-0.399177 -0.386189 -0.442046
-0.623645 -0.393679 -0.555505
-0.702208 -0.608747 -0.632494
-0.612421 -0.605829 -0.629528
-0.595586 -0.480113 -0.579044
-0.286943 -0.357774 -0.45081
-0.320613 -0.225832 -0.327838
-0.292555 -0.196272 -0.226988
-0.0400282 -0.0853982 -0.184843
0.010477 -0.0363155 -0.105203
0.0722057 -0.0316157 0.00845957
-0.0175814 0.221926 0.0180022
-0.0400282 0.219369 -0.0599701
-0.292555 -0.028176 -0.227095
-0.399177 -0.251198 -0.377708
-0.393565 -0.318516 -0.399836
-0.427235 -0.265817 -0.346951
-0.247661 -0.282312 -0.204044
-0.0905335 -0.100647 0.0384903
0.105876 0.338491 0.244878
0.223721 0.498727 0.338177
0.229333 0.264893 0.199829
0.0441472 0.0879513 0.00950225
-0.0119697 -0.00381437 -0.0421499
0.0217004 0.11386 0.00255407
0.0553706 0.178892 0.0779107
0.122711 0.159454 0.248315
0.352791 0.438093 0.409104
0.521141 0.674294 0.510574
0.352791 0.569742 0.385772
0.234945 0.272648 0.31961
0.448189 0.309711 0.378513
0.364014 0.294798 0.382481
0.521141 0.37159 0.516675
0.841008 0.623985 0.627956
0.448189 0.629203 0.468234
0.167605 0.479395 0.333872
0.263003 0.577748 0.345185
0.190051 0.551103 0.382089
0.375237 0.49923 0.318979
0.111488 0.412026 0.169699
0.257392 0.321546 0.160353
0.28545 0.282676 0.243189
0.425743 0.41654 0.365779
0.470636 0.537611 0.492578
0.5492 0.692269 0.523217
0.532365 0.645281 0.506436
0.48186 0.664502 0.494292
0.526753 0.570697 0.50835
0.554812 0.514569 0.56024
0.442578 0.598456 0.565632
0.560423 0.668993 0.521088
0.448189 0.681067 0.512141
0.487471 0.662992 0.553537
0.588482 0.547698 0.555369
0.661434 0.511048 0.609864
0.706327 0.643281 0.674737
0.824173 0.607867 0.700616
0.711939 0.568243 0.64709
0.779279 0.532368 0.6302
0.885902 0.690067 0.810739
1.07109 0.982046 0.945783
0.65021 0.937136 0.799926
0.5492 0.822309 0.749592
0.986912 0.935832 0.874311
0.9813 1.00341 0.884715
0.818561 0.748093 0.831186
0.902737 0.806203 0.811875
0.9813 0.847556 0.854176
0.936407 0.954862 0.993439
1.08231 1.1195 1.21219
1.39657 1.30218 1.30862
0.84662 1.31212 1.10941
0.773668 1.22358 0.944915
0.9813 0.97794 0.937757
1.05425 0.992145 0.942247
0.919572 0.994268 0.931691
0.768056 1.0778 0.895435
0.953242 1.03018 0.973104
0.930795 1.16289 1.10392
0.925184 1.1223 1.05201
0.835396 0.928298 0.907061
0.885902 0.83731 0.870312
0.975689 0.896696 0.990478
1.06548 1.03114 1.09532
1.14965 1.14797 1.1324
1.06548 0.991322 1.18384
1.00375 1.11825 1.17927
0.942019 1.24611 1.05534
0.925184 1.15786 0.995347
0.975689 1.0595 0.996278
0.84662 1.14443 1.02235
0.852231 1.22402 1.00102
0.762444 1.13489 0.94061
0.784891 1.13704 0.975487
0.953242 1.15759 1.06564
1.09353 1.25605 1.15997
1.08231 1.34903 1.1839
1.0767 1.25427 1.17882
1.15526 1.19635 1.20189
1.11037 1.22222 1.1843
1.0767 1.24516 1.10834
1.13843 1.21773 1.06515
0.9813 1.2365 1.06415
0.953242 1.27394 1.05478
1.04303 1.20039 1.03484
0.9813 1.13043 1.04489
1.07109 1.09303 1.15956
1.31239 1.27337 1.37163
1.32361 1.43291 1.51044
0.891513 1.44179 1.3397
0.975689 1.35993 1.20779
1.15526 1.29778 1.27221
1.21138 1.25534 1.25866
1.04864 1.22669 1.17434
0.986912 1.20856 1.10948
1.08792 1.32878 1.14023
1.00375 1.40521 1.21708
1.09915 1.44437 1.29578
1.24505 1.36902 1.29968
1.23383 1.21054 1.26086
1.29556 1.19509 1.23943
1.32923 1.27362 1.26938
1.24505 1.32282 1.23796
1.16087 1.20011 1.19186
1.20016 1.21748 1.19776
1.27311 1.23486 1.23993
1.21699 1.26085 1.23971
1.1721 1.23659 1.23496
1.21138 1.25356 1.28133
1.32361 1.29388 1.34909
1.37973 1.3637 1.36446
1.21138 1.39985 1.32432
1.23383 1.35924 1.30999
1.35728 1.34409 1.34771
1.37412 1.29724 1.35094
1.17771 1.25128 1.32684
1.30678 1.22751 1.28104
1.20016 1.22901 1.21959
1.20016 1.19737 1.1931
1.16649 1.24036 1.15251
1.19454 1.17412 1.18544
1.2226 1.19792 1.20567
1.19454 1.2107 1.19982
1.19454 1.22104 1.19066
1.11037 1.16985 1.16696
1.03742 1.14798 1.12427
1.02619 1.15387 1.10784
1.10476 1.21855 1.16447
1.25066 1.21954 1.20604
1.1272 1.19853 1.15401
0.975689 1.09364 1.04912
0.958854 0.99106 0.978144
1.14404 1.01875 0.999568
1.05425 1.0494 1.03003
0.986912 1.05993 0.959897
0.784891 0.948485 0.835087
0.863455 0.92606 0.841171
0.857843 0.938415 0.886366
0.841008 0.957754 0.868329
0.857843 0.952776 0.879666
0.908348 1.07757 0.922423
0.9813 1.06715 0.954848
0.84662 0.978771 0.906943
0.852231 0.973964 0.825228
0.678269 0.917178 0.780474
0.796115 0.807284 0.780849
1.00375 0.779901 0.845787
0.925184 0.90505 0.909989
0.745609 0.929821 0.875378
0.633375 0.814923 0.765457
0.695104 0.746516 0.735059
0.739998 0.835484 0.779924
0.683881 0.956732 0.818569
0.885902 0.911938 0.753673
0.5492 0.809547 0.614056
0.498695 0.669812 0.496026
0.459413 0.585062 0.444149
0.566035 0.535458 0.532009
0.633375 0.583308 0.694184
0.762444 0.72758 0.836486
0.756833 0.859263 0.959882
0.857843 0.91949 1.00089
0.779279 0.899365 0.969748
1.07109 0.828598 0.941714
0.874678 0.787804 0.861666
0.773668 0.833399 0.81731
0.801726 0.818224 0.862637
0.745609 0.867151 0.855992
0.717551 0.859638 0.749566
0.51553 0.56621 0.576656
0.341567 0.400101 0.425211
0.487471 0.426371 0.462683
0.532365 0.489248 0.588134
0.695104 0.492611 0.626407
0.509918 0.478797 0.594091
0.633375 0.572577 0.513674
0.706327 0.430001 0.443792
0.5492 0.355094 0.433702
0.470636 0.414528 0.444897
0.476248 0.37621 0.442824
0.436966 0.278978 0.458185
0.638987 0.26311 0.392693
0.392072 0.123168 0.207767
-0.0849218 -0.0692854 0.0314277
0.0273121 0.0310846 0.0567053
0.229333 0.13501 0.248057
0.0609823 0.268 0.257989
-0.0119697 0.211139 0.142446
-0.0175814 0.0644374 0.00788783
-0.0400282 -0.101251 -0.134004
-0.197156 -0.36546 -0.252509
-0.191544 -0.324064 -0.282831
-0.174709 -0.187774 -0.276825
-0.236438 -0.177509 -0.308693
-0.326225 -0.339538 -0.300522
-0.303778 -0.229012 -0.213314
-0.14665 -0.073939 -0.0872329
0.128323 0.00927619 0.0331632
0.128323 -0.0661491 0.00129342
-0.281331 -0.349914 -0.183133
-0.337448 -0.438604 -0.341249
-0.44407 -0.416829 -0.382904
-0.517022 -0.419053 -0.368493
-0.421624 -0.399319 -0.303477
-0.432847 -0.354249 -0.294536
-0.477741 -0.338495 -0.290269
-0.455294 -0.303044 -0.168065
-0.118592 -0.124421 0.007896
-0.11298 0.0231368 0.0547513
-0.00635805 -0.117672 -0.181142
-0.735879 -0.535104 -0.601549
-0.881783 -0.92262 -0.855324
-0.702208 -0.883018 -0.878611
-0.60681 -0.798512 -0.725064
-0.522634 -0.702898 -0.580115
-0.533857 -0.619627 -0.449976
-0.281331 -0.35169 -0.348864
-0.432847 -0.349638 -0.225807
-0.0905335 -0.0784911 -0.189525
-0.44407 -0.332637 -0.413792
-0.921065 -0.732565 -0.67535
-0.954735 -0.795787 -0.715633
-0.539469 -0.640677 -0.617278
-0.808831 -0.754466 -0.734544
-1.02208 -0.919614 -0.828529
-1.0838 -0.891403 -0.747849
-0.556304 -0.671089 -0.572252
-0.601198 -0.552494 -0.369316
-0.595586 -0.280126 -0.272109
-0.618033 -0.410518 -0.424201
-0.814442 -0.626088 -0.664759
-1.12309 -0.827262 -0.707919
-0.893006 -0.72088 -0.715652
-0.814442 -0.859872 -0.760677
-0.752714 -1.01148 -0.792694
-0.999628 -0.939761 -0.798322
-0.780772 -0.907934 -0.939766
-1.09503 -1.15412 -1.12831
-1.26338 -1.2139 -1.1608
-0.921065 -1.05528 -1.04604
-1.11747 -1.01912 -0.936413
-0.719043 -0.914593 -0.844835
-1.14553 -0.887773 -0.952479
-1.33633 -0.942169 -1.09008
-0.949123 -1.08449 -1.2093
-1.15114 -1.48342 -1.30772
-1.15676 -1.46234 -1.37914
-1.21287 -1.27305 -1.29796
-1.48223 -1.16913 -1.15447
-1.26338 -0.968791 -0.995144
-0.842501 -1.02971 -0.955048
-1.08942 -1.41898 -1.07347
-1.28582 -1.46385 -1.20322
-1.03891 -1.47406 -1.23387
-0.842501 -1.44547 -1.19164
-0.561916 -1.43758 -1.24689
-1.24654 -1.46781 -1.26131
-0.808831 -1.41492 -1.05595
-0.949123 -1.24189 -0.986744
-1.00524 -1.25202 -1.11667
-1.13431 -1.27768 -1.22943
-1.28021 -1.40022 -1.36627
-1.65059 -1.57261 -1.479
-1.69548 -1.63416 -1.58319
-1.90311 -1.65385 -1.61599
-1.72915 -1.56441 -1.57482
-1.73476 -1.4136 -1.57853
-1.85822 -1.52319 -1.59481
-1.97606 -1.69055 -1.51909
-1.77965 -1.40908 -1.35734
-1.56641 -1.14054 -1.26293
-1.47662 -1.19245 -1.21704
-1.43734 -1.28076 -1.24661
-1.52713 -1.27132 -1.28777
-1.36439 -1.12745 -1.29593
-1.5608 -1.20035 -1.27819
-1.0333 -1.35213 -1.25862
-1.11186 -1.47658 -1.27247
-1.39806 -1.45574 -1.24376
-1.42051 -1.35985 -1.17541
-1.17359 -1.36082 -1.19496
-1.53835 -1.46517 -1.32889
-1.38684 -1.49779 -1.2831
-1.21848 -1.45771 -1.1913
-1.2241 -1.50543 -1.15424
-1.00524 -1.39491 -1.09813
-0.758325 -1.39648 -1.01041
-0.825666 -1.38386 -1.02794
-0.887394 -1.43799 -1.1041
-0.803219 -1.46278 -1.07131
-0.735879 -1.36559 -1.02254
-0.825666 -1.33099 -1.02526
-0.921065 -1.34769 -1.09817
-1.10064 -1.38428 -1.18801
-1.44856 -1.41321 -1.2183
-1.34755 -1.35464 -1.14916
-1.36439 -1.25963 -1.09841
-1.45979 -1.21344 -1.15134
-1.44856 -1.13181 -1.19319
-1.34755 -1.14478 -1.13077
-1.31388 -1.03504 -1.04016
-1.11186 -0.943967 -0.868132
-0.213991 -0.754458 -0.644797
-0.646091 -0.803794 -0.785063
-1.36439 -1.0007 -1.11026
-1.16798 -1.18211 -1.31904
-1.24654 -1.49531 -1.38414
-1.54396 -1.33699 -1.38499
-1.22971 -1.30632 -1.21511
-0.74149 -1.13745 -1.01626
-0.60681 -1.00788 -0.906556
-1.14553 -0.973632 -1.02225
-1.21287 -1.07395 -1.1191
-1.16798 -1.07619 -1.1156
-1.20726 -0.93507 -1.13596
-1.06697 -1.03295 -1.09617
-1.12309 -1.04669 -1.1617
-1.04452 -1.13654 -1.1994
-0.881783 -1.16859 -1.15644
-0.831277 -1.12472 -1.09058
-1.16237 -1.11785 -1.07928
-1.11186 -1.04401 -1.07936
-1.07258 -0.984492 -1.00224
-0.657315 -0.894462 -0.841741
-0.747102 -0.72714 -0.657937
-0.589974 -0.576729 -0.580386
-0.702208 -0.591394 -0.700736
-1.07258 -0.646895 -0.924606
-0.870559 -0.822943 -1.01767
-0.842501 -0.854563 -1.02808
-1.08942 -0.683201 -1.01237
-1.01646 -0.748838 -0.94238
-0.780772 -0.880108 -0.890861
-1.12309 -0.843013 -0.994452
-1.09503 -0.855318 -1.02437
-0.97157 -0.728268 -0.908607
-0.623645 -0.640114 -0.850304
-0.522634 -0.819736 -0.805437
-0.298166 -0.733013 -0.70266
-0.432847 -0.626454 -0.639748
-0.460905 -0.615302 -0.591038
-0.286943 -0.551827 -0.546808
-0.511411 -0.486831 -0.539448
-0.494576 -0.433369 -0.560768
-0.432847 -0.495735 -0.575594
-0.601198 -0.527984 -0.56185
-0.416012 -0.510481 -0.584246
-0.533857 -0.575817 -0.621482
-0.460905 -0.506114 -0.600366
-0.303778 -0.414647 -0.554039
-0.466517 -0.417257 -0.495183
-0.393565 -0.335046 -0.282331
0.0609823 0.0249173 -0.0640217
-0.00635805 0.165309 -0.0279045
-0.14665 -0.170333 -0.182351
-0.236438 -0.387554 -0.351321
-0.270108 -0.452617 -0.35807
-0.230826 -0.360206 -0.265277
-0.157874 -0.123705 -0.140328
-0.124204 0.0516383 -0.0716273
-0.0344165 0.0885987 -0.0506364
0.0329238 -0.0141754 -0.0360665
0.0722057 0.0296675 -0.00136156
0.167605 0.042342 0.0792682
0.21811 0.0812015 0.128751
0.133934 0.149713 0.125097
0.18444 0.151055 0.173516
0.397684 0.256536 0.321732
0.397684 0.476582 0.392185
0.392072 0.24235 0.267318
-0.0793101 -0.0735593 0.0721563
-0.0119697 0.11695 0.066471
0.274227 0.358507 0.210389
0.414519 0.394531 0.413559
0.465024 0.556449 0.457121
0.257392 0.218683 0.368296
0.493083 0.284766 0.429451
0.667045 0.475929 0.638378
1.03742 0.611549 0.803057
0.487471 0.532559 0.631428
0.139546 0.307907 0.376142
0.386461 0.389224 0.343716
0.442578 0.536017 0.424117
0.414519 0.59053 0.434155
0.622152 0.510312 0.435381
0.605317 0.466791 0.421011
0.453801 0.449732 0.359831
0.476248 0.422399 0.351917
0.470636 0.449095 0.375578
0.504306 0.46472 0.433028
0.610929 0.526848 0.491519
0.594093 0.45637 0.494982
0.700716 0.373078 0.508532
0.627764 0.490782 0.490462
0.655822 0.57036 0.48287
0.667045 0.594209 0.538121
0.756833 0.731282 0.692896
1.02619 0.810845 0.744377
0.953242 0.683986 0.765876
1.02619 0.731995 0.88238
1.1721 0.847076 1.06735
1.16649 1.07774 1.15388
0.897125 1.15155 0.97218
0.498695 0.849931 0.714749
0.532365 0.813303 0.612502
0.65021 0.869452 0.639577
0.65021 0.855465 0.748542
0.509918 1.00572 0.815787
0.622152 0.932091 0.750984
0.588482 0.74535 0.740982
0.723162 0.811861 0.772191
0.835396 0.821241 0.757969
0.841008 0.789301 0.832106
0.91396 0.863023 0.979003
1.02619 1.07776 1.07328
1.09915 1.13375 1.06126
1.02058 1.07352 1.0349
0.897125 1.05592 0.953389
1.10476 0.861776 0.930902
1.04864 0.769986 0.893931
0.998136 0.886103 0.918707
1.18893 1.00234 1.02489
1.2226 1.05256 1.13092
1.38534 1.15007 1.22465
1.13843 1.25227 1.26864
0.992524 1.31233 1.08825
0.902737 1.11149 0.856878
0.897125 0.868728 0.851262
0.94763 0.978975 1.0118
1.04864 1.08748 1.09703
0.908348 1.09443 1.01922
1.00375 0.981365 0.969523
1.06548 1.03492 1.04874
1.27311 1.13587 1.18399
1.32361 1.16427 1.27113
1.35728 1.11209 1.28443
1.37412 1.14142 1.26801
1.35728 1.18843 1.27549
1.37412 1.15801 1.24997
1.16087 1.1565 1.1503
1.14404 1.04516 1.10181
1.29556 1.10529 1.19468
1.32923 1.26567 1.32933
1.318 1.35198 1.32902
1.09353 1.28038 1.18328
1.09915 1.18172 1.11398
1.18332 1.28627 1.19109
1.2226 1.36938 1.29306
1.34045 1.35879 1.30011
1.35167 1.27417 1.28144
1.18893 1.16105 1.242
1.20577 1.13212 1.13836
1.06548 1.13714 1.09919
1.14965 1.17319 1.12643
1.14404 1.12386 1.18678
1.318 1.21992 1.32182
1.43024 1.31102 1.44614
1.56492 1.36462 1.46331
1.39095 1.35577 1.38346
1.28994 1.30973 1.34078
1.28433 1.35977 1.31775
1.32361 1.27979 1.29523
1.28994 1.25383 1.21384
1.16649 1.20062 1.17462
1.24505 1.22234 1.20895
1.29556 1.24433 1.24926
1.27311 1.24763 1.25038
1.2675 1.24956 1.25655
1.31239 1.30249 1.29343
1.318 1.29449 1.32425
1.25627 1.35329 1.32198
1.29556 1.34979 1.33194
1.14404 1.33845 1.2535
0.975689 1.29426 1.11652
0.975689 1.21947 1.04638
0.998136 1.19201 1.07905
1.03181 1.27021 1.09752
1.07109 1.30869 1.09248
1.16649 1.26185 1.1274
1.25066 1.19718 1.19526
1.21699 1.24696 1.19702
1.32361 1.30436 1.21284
1.34606 1.3071 1.27862
1.36851 1.34371 1.29731
1.18893 1.31571 1.2295
1.15526 1.22407 1.18773
0.986912 1.2158 1.14952
1.05425 1.28057 1.05069
0.908348 1.12027 0.951406
1.05425 1.05608 0.957543
1.03742 1.10197 1.00234
0.975689 1.1218 1.02266
0.953242 1.1194 1.07674
1.17771 1.19768 1.17861
1.19454 1.21241 1.24575
1.08231 1.23872 1.23799
1.11037 1.28236 1.17424
1.03181 1.18684 1.13071
1.00936 1.11269 1.09357
0.796115 1.10245 0.979345
0.728774 1.05004 0.822434
0.723162 1.00803 0.784679
0.908348 0.938265 0.8545
1.01497 0.92132 0.942102
1.05425 0.959377 0.994293
1.03181 1.00909 1.02503
1.09353 1.01288 1.01652
1.11037 1.01625 0.982061
1.05986 1.02657 0.992615
1.02619 1.02645 1.01514
1.03742 1.01579 1.0272
1.04303 1.06432 0.978155
0.94763 1.01637 0.876198
0.790503 0.915148 0.794501
0.756833 0.818829 0.722108
0.796115 0.729315 0.732154
0.936407 0.747452 0.776447
0.768056 0.799269 0.780754
0.745609 0.826871 0.742493
0.638987 0.849657 0.725545
0.801726 0.911959 0.791702
0.857843 0.966835 0.852578
0.790503 1.01426 0.894527
0.953242 0.974339 0.900037
0.768056 0.820893 0.781386
0.509918 0.78118 0.61823
0.633375 0.677001 0.576132
0.453801 0.495046 0.506384
0.335955 0.34561 0.404513
0.436966 0.305703 0.352801
0.431354 0.282736 0.399695
0.476248 0.329777 0.520201
0.498695 0.496488 0.582118
0.380849 0.50939 0.513232
0.369626 0.380498 0.391749
0.223721 0.26726 0.339472
0.386461 0.401201 0.495397
0.622152 0.559541 0.601948
0.375237 0.482068 0.402932
0.352791 0.218947 0.260281
0.195663 0.128041 0.21419
0.195663 0.208312 0.210624
0.128323 0.250316 0.147111
0.100264 0.148648 0.072139
0.0441472 0.10513 0.0729102
0.145158 0.172483 0.198601
0.279838 0.302527 0.238432
0.246168 0.228539 0.147497
0.111488 -0.0106419 -0.000786472
0.190051 -0.0830106 -0.0192831
0.156381 0.0117701 0.0280369
0.178828 0.0123417 0.0446498
0.0834291 0.00107435 0.0485282
0.00486534 0.141413 0.0100178
-0.0119697 0.0584806 -0.0487841
0.0385355 -0.117558 -0.0756194
-0.0400282 -0.150737 -0.0727323
-0.0288048 -0.069248 -0.0534311
0.010477 -0.00115921 -0.00353475
0.139546 0.0240517 0.0198048
0.0441472 -0.0406327 0.0339023
0.0385355 -0.0378994 0.100171
0.145158 0.0629231 0.201514
0.302285 0.144632 0.284381
0.28545 0.157115 0.300075
0.128323 0.0307978 0.110377
-0.286943 -0.160053 -0.145677
-0.315001 -0.373973 -0.250565
-0.118592 -0.344065 -0.271417
-0.298166 -0.404857 -0.31626
-0.432847 -0.532096 -0.399295
-0.460905 -0.512574 -0.392866
-0.365507 -0.441207 -0.228812
0.0217004 -0.249983 -0.164717
-0.292555 -0.253111 -0.364986
-0.634868 -0.533286 -0.585985
-0.713432 -0.706698 -0.634949
-0.483352 -0.589596 -0.678023
-0.74149 -0.759406 -0.706637
-0.769549 -0.690368 -0.57561
-0.528246 -0.433325 -0.41383
-0.584363 -0.398738 -0.490166
-0.786384 -0.809982 -0.700541
-0.904229 -0.900563 -0.826951
-0.623645 -0.84893 -0.842472
-0.831277 -0.936064 -0.974394
-1.06136 -1.16442 -1.17444
-1.31949 -1.30635 -1.3902
-1.14553 -1.35958 -1.32096
-0.763937 -1.23494 -1.07387
-0.758325 -1.04508 -0.96025
-0.9379 -1.13905 -0.993256
-0.932288 -1.19381 -1.03961
-1.06697 -1.17999 -1.05879
-1.20165 -1.23534 -1.09678
-1.20726 -1.26578 -1.09862
-1.10625 -1.26287 -1.04646
-1.05013 -1.1245 -0.894666
-0.904229 -0.964206 -0.768371
-1.10625 -1.038 -0.889584
-1.11186 -1.04828 -1.02824
-1.00524 -1.0153 -1.0697
-0.999628 -1.19956 -0.988339
-0.629256 -1.10123 -0.910007
-0.9379 -0.963046 -0.956786
-0.797607 -0.810141 -0.97171
-0.932288 -0.975784 -0.980554
-0.932288 -1.11993 -1.06781
-1.06136 -1.30252 -1.05572
-1.01085 -1.18059 -0.957671
-0.864948 -0.918645 -0.978518
-0.921065 -1.25906 -0.947053
-1.04452 -1.08452 -0.878566
-1.07258 -1.00846 -0.88376
-1.43173 -1.07776 -0.978371
-1.40367 -0.97611 -1.10896
-1.07819 -1.10099 -1.24642
-1.49346 -1.32677 -1.40799
-1.63936 -1.41186 -1.50157
-1.76843 -1.23499 -1.60095
-1.60008 -1.52054 -1.55729
-1.53274 -1.47809 -1.4954
-1.48223 -1.34474 -1.55877
-1.54396 -1.44864 -1.57347
-1.6113 -1.5254 -1.47146
-1.29705 -1.40579 -1.33294
-1.32511 -1.40043 -1.40362
-1.28582 -1.62469 -1.4236
-1.0838 -1.58643 -1.41453
-1.35878 -1.58781 -1.57
-1.80771 -1.79698 -1.71082
-1.34194 -1.87579 -1.54546
-0.808831 -1.79039 -1.16268
-0.657315 -1.33436 -0.913932
-0.909841 -1.23051 -0.942453
-0.994017 -1.42363 -1.18284
-1.42612 -1.62146 -1.36686
-1.25777 -1.62402 -1.36875
-1.09503 -1.57519 -1.29587
-1.24654 -1.62739 -1.34465
-1.49907 -1.67113 -1.35445
-1.04452 -1.47571 -1.29327
-1.07819 -1.64978 -1.26109
-1.07258 -1.63381 -1.28987
-1.12309 -1.56873 -1.23726
-0.887394 -1.4184 -1.16047
-0.949123 -1.43931 -1.2055
-0.954735 -1.48211 -1.28766
-1.07258 -1.53768 -1.41669
-1.33072 -1.67446 -1.55484
-1.45979 -1.77314 -1.56253
-1.0333 -1.64582 -1.34976
-0.747102 -1.47919 -1.01104
-0.511411 -1.17262 -0.835956
-0.679762 -1.13291 -0.815933
-0.573139 -1.18718 -0.874005
-0.719043 -1.20798 -0.963422
-0.797607 -1.30275 -1.028
-0.954735 -1.25912 -1.16922
-1.26338 -1.28527 -1.31472
-1.25215 -1.35174 -1.39158
-1.15676 -1.39059 -1.34925
-1.19043 -1.38735 -1.29626
-1.2746 -1.42566 -1.31004
-1.26899 -1.4436 -1.32561
-1.29144 -1.45127 -1.227
-1.06697 -1.34915 -1.06997
-0.965958 -1.31099 -0.973805
-0.904229 -1.21939 -1.02688
-1.21848 -1.15531 -1.05765
-1.1792 -1.17166 -1.10502
-1.16798 -1.18006 -1.14863
-0.74149 -1.12263 -1.04821
-0.657315 -1.01213 -0.951963
-0.820054 -1.12847 -0.968194
-0.960346 -1.05324 -1.04121
-1.02769 -1.07934 -1.13918
-0.876171 -1.06526 -1.06355
-0.763937 -0.995271 -0.862156
-0.545081 -0.910626 -0.715164
-0.612421 -0.848353 -0.556292
-0.337448 -0.585525 -0.52931
-0.64048 -0.736568 -0.710574
-0.977182 -0.945387 -0.911897
-0.965958 -0.969521 -1.03601
-0.982793 -0.992739 -0.99517
-0.589974 -0.840936 -0.768919
-0.4104 -0.601734 -0.623806
-0.539469 -0.684445 -0.691131
-0.696597 -0.870025 -0.847235
-0.814442 -0.951093 -0.918508
-0.836889 -0.85072 -0.914104
-0.786384 -0.776171 -0.895869
-0.74149 -0.751959 -0.839583
-0.70782 -0.69023 -0.755725
-0.64048 -0.648251 -0.647305
-0.528246 -0.585335 -0.527074
-0.427235 -0.511253 -0.441475
-0.320613 -0.445072 -0.346327
-0.230826 -0.34541 -0.189721
-0.0456399 -0.170003 -0.0473179
0.066594 -0.0181351 0.0329279
0.0553706 -0.10276 0.0592137
-0.00635805 -0.0343565 -0.0131631
-0.0849218 -0.0806372 -0.0167624
0.145158 0.0120022 -0.0108791
-0.0344165 -0.15353 -0.211113
-0.528246 -0.394484 -0.445111
-0.44407 -0.411251 -0.525455
-0.601198 -0.362266 -0.447561
-0.404788 -0.262849 -0.223601
-0.202767 -0.0666354 -0.0975509
-0.124204 0.0334551 0.00607066
-0.152262 0.0655066 -0.0540138
-0.202767 -0.112016 -0.197353
-0.315001 -0.2012 -0.261839
-0.213991 -0.0943367 -0.218956
-0.14665 0.00596786 -0.200152
-0.225214 -0.0486819 -0.203258
-0.197156 -0.1316 -0.0840432
0.111488 0.176124 0.0423763
-0.230826 0.0307927 -0.0688251
-0.387953 -0.284266 -0.241621
-0.337448 -0.280257 -0.356081
-0.662927 -0.333534 -0.454877
-0.505799 -0.317932 -0.424903
-0.34306 -0.169283 -0.281374
-0.062475 -0.0465056 -0.0669475
0.0160887 0.203745 0.0763863
-0.14665 0.326072 0.197635
0.234945 0.470163 0.349252
0.459413 0.301033 0.41619
0.369626 0.269628 0.347187
0.31912 0.225758 0.330288
0.504306 0.226176 0.328864
0.375237 0.180047 0.247072
0.431354 0.173835 0.209776
0.403296 0.123957 0.218056
0.358402 0.101272 0.206808
0.156381 0.136638 0.208507
0.201275 0.208696 0.278545
0.504306 0.328 0.375693
0.397684 0.317762 0.426896
0.442578 0.431892 0.51501
0.689492 0.579976 0.582757
0.526753 0.579923 0.473078
0.436966 0.332879 0.317631
0.117099 0.21302 0.174196
0.117099 0.215449 0.112452
0.229333 0.176077 0.231784
0.51553 0.416189 0.448445
0.509918 0.585037 0.54072
0.453801 0.498564 0.494703
0.526753 0.496798 0.555079
0.728774 0.632831 0.563113
0.392072 0.49394 0.429107
0.442578 0.481605 0.399593
0.532365 0.639494 0.574378
0.818561 0.755779 0.82231
0.919572 0.973107 0.933923
0.717551 0.856433 0.745471
0.431354 0.667931 0.482346
0.521141 0.606125 0.477905
0.599705 0.692445 0.608014
0.521141 0.792523 0.721393
0.768056 0.839124 0.819562
0.807338 0.970397 0.856169
0.891513 0.991797 0.829968
0.633375 0.863949 0.667491
0.532365 0.604138 0.536357
0.672657 0.662156 0.588774
0.683881 0.816527 0.632979
0.599705 0.763453 0.683454
0.779279 0.805742 0.82251
0.745609 0.983514 0.887997
0.779279 0.925633 0.916767
0.91396 1.02799 0.946838
0.925184 1.06753 0.900845
0.588482 0.981995 0.730473
0.638987 0.88533 0.6899
0.745609 0.917334 0.69115
0.756833 0.845029 0.741485
0.695104 0.868399 0.819714
0.773668 0.880158 0.855542
0.801726 0.938661 0.965122
1.02619 1.04489 1.04466
0.891513 1.07159 0.978897
0.986912 0.949967 0.913087
0.81295 0.802852 0.81689
0.824173 0.885334 0.81154
0.998136 0.993373 0.896172
0.992524 1.12251 0.987584
1.04864 1.08813 1.05235
1.09353 1.05371 1.13246
1.31239 1.10654 1.29322
1.24505 1.23976 1.36201
1.16087 1.33359 1.35868
1.41901 1.30451 1.37109
1.46391 1.2545 1.30772
1.32923 1.12298 1.20683
1.23383 1.13145 1.11686
1.16649 1.13524 1.08375
1.11598 1.12657 1.00293
0.91396 1.09221 0.915268
0.958854 1.04016 0.900703
0.863455 1.14343 0.95892
0.94763 1.27728 1.04083
0.852231 1.27416 1.07604
1.12159 1.21233 1.12311
1.13843 1.21084 1.19449
1.27311 1.31709 1.29318
1.1272 1.39179 1.34372
1.14404 1.30395 1.30211
1.16649 1.23518 1.25764
1.21699 1.20194 1.20477
1.31239 1.14351 1.14625
1.26189 1.19148 1.13073
1.18332 1.16266 1.18074
1.13282 1.23759 1.21758
1.27872 1.26859 1.36544
1.44707 1.28701 1.46285
1.53686 1.27236 1.4352
1.39095 1.19261 1.36564
1.38534 1.24841 1.28893
1.29556 1.22611 1.27166
1.32361 1.1824 1.20842
1.27872 1.12614 1.18429
1.25627 1.154 1.19936
1.20577 1.17424 1.23922
1.31239 1.20036 1.27385
1.27311 1.23897 1.23722
1.27872 1.29252 1.23054
1.40218 1.20576 1.28682
1.318 1.18235 1.31053
1.39657 1.2535 1.35431
1.46952 1.35123 1.42722
1.39657 1.42854 1.4085
1.2675 1.31219 1.31483
1.20016 1.30314 1.27835
1.2675 1.36309 1.31035
1.28433 1.28443 1.31066
1.18893 1.27053 1.32806
1.2675 1.37963 1.39434
1.318 1.48036 1.43455
1.27872 1.45156 1.42116
1.27872 1.38847 1.36294
1.21699 1.29813 1.2888
1.08231 1.20097 1.23761
1.11598 1.16406 1.21892
1.21699 1.18014 1.21724
1.28433 1.21516 1.22997
1.34045 1.1928 1.27301
1.14404 1.19017 1.20648
1.05986 1.13715 1.09466
0.925184 1.04348 1.04688
1.01497 1.0035 1.02112
1.07109 1.06084 1.05982
1.13843 1.12257 1.12669
1.18893 1.14822 1.16491
1.20577 1.18047 1.1483
1.12159 1.15512 1.12487
1.04303 1.12314 1.09272
1.05425 1.1036 1.05943
0.897125 1.09907 1.0265
0.958854 1.06679 1.03456
1.03181 1.09071 1.09589
1.21138 1.07865 1.14233
1.18332 1.07032 1.11869
0.992524 1.09343 1.06094
0.970077 1.03866 1.02515
1.02619 0.975111 1.0052
0.964465 0.968204 0.927876
0.925184 0.846934 0.851912
0.891513 0.7689 0.820051
0.796115 0.792736 0.825457
0.773668 0.838623 0.849126
0.807338 0.867941 0.885667
0.841008 0.912331 0.942611
0.986912 0.957707 0.97476
1.06548 0.96283 0.87507
0.599705 0.791759 0.686457
0.521141 0.684824 0.594281
0.594093 0.716199 0.609938
0.633375 0.699777 0.648557
0.633375 0.72106 0.6619
0.661434 0.667081 0.665108
0.723162 0.634793 0.68084
0.661434 0.669933 0.718882
0.829785 0.609315 0.710773
0.655822 0.617535 0.605947
0.335955 0.610667 0.471566
0.352791 0.571485 0.438198
0.476248 0.578571 0.559492
0.465024 0.581191 0.635828
0.605317 0.593258 0.635519
0.779279 0.569379 0.632993
0.818561 0.495391 0.669801
0.633375 0.532713 0.674564
0.571647 0.546795 0.682904
0.61654 0.59287 0.691147
0.801726 0.642073 0.639602
0.566035 0.585964 0.472023
0.139546 0.281619 0.32674
0.246168 0.376585 0.189842
0.21811 0.146486 0.0735551
-0.0288048 -0.0121104 -0.119882
-0.0680867 -0.0103681 -0.157193
-0.0568633 -0.00318635 0.00170857
0.21811 0.108541 0.156428
0.201275 0.257325 0.164744
0.111488 0.167584 0.211167
0.313509 0.13028 0.361478
0.307897 0.218887 0.456396
0.526753 0.235472 0.382933
0.240557 0.126604 0.216427
0.145158 0.0564419 0.11714
0.0497589 0.0127046 0.031327
0.0553706 -0.0307694 -0.0522715
-0.208379 -0.0764305 -0.142779
-0.163486 -0.174793 -0.123086
0.105876 -0.0906632 0.0631195
0.234945 0.0276189 0.233014
0.18444 0.105896 0.295338
0.190051 0.133241 0.299234
0.18444 0.230752 0.304676
0.223721 0.244112 0.23469
-0.0288048 0.00215156 0.0266471
-0.00635805 -0.0402777 -0.0845412
0.010477 0.0507079 0.0161573
-0.0512516 0.164671 0.11054
-0.0512516 0.0991962 0.0726962
-0.174709 -0.0215825 -0.0448737
-0.247661 -0.115226 -0.0749599
-0.337448 -0.102361 -0.00996885
-0.129815 -0.0472572 0.0754216
-0.062475 -0.0609299 0.121876
0.0722057 -0.0658676 0.201289
0.240557 0.0161485 0.126069
-0.191544 -0.152161 -0.157036
-0.522634 -0.477198 -0.393731
-0.595586 -0.58755 -0.513665
-0.550693 -0.607887 -0.510482
-0.281331 -0.611868 -0.398474
-0.197156 -0.470154 -0.3827
-0.488964 -0.64744 -0.520979
-0.730267 -0.572395 -0.77186
-0.853724 -0.752901 -0.933495
-1.01085 -0.900142 -1.04975
-1.06697 -0.841829 -0.927756
-0.567528 -0.683475 -0.587561
-0.517022 -0.339929 -0.476706
-0.77516 -0.416761 -0.738906
-0.915453 -0.865227 -0.935911
-0.898618 -0.858222 -1.01461
-1.12309 -0.818158 -1.10799
-1.30827 -0.947601 -1.19466
-1.06697 -0.970322 -1.19219
-1.14553 -0.978974 -1.27338
-1.48223 -1.07282 -1.35402
-0.881783 -1.10341 -1.21785
-0.460905 -1.02664 -0.996382
-0.646091 -0.951278 -0.86847
-1.13992 -0.89156 -0.864592
-1.13992 -0.831452 -0.869604
-0.926676 -0.879185 -0.838837
-0.791996 -0.90019 -0.890572
-1.20165 -0.983819 -1.06782
-1.16237 -1.00235 -1.10183
-1.42612 -0.957641 -1.10334
-1.36439 -1.01148 -1.20406
-1.47662 -1.11325 -1.2922
-1.33633 -1.09689 -1.24738
-1.16237 -1.06959 -1.16336
-1.5608 -1.08875 -1.17287
-1.25215 -1.02402 -1.10951
-1.37561 -0.819992 -1.10578
-1.08942 -1.08167 -1.059
-1.15676 -1.11887 -0.989935
-1.10625 -1.05337 -1.03039
-0.859336 -1.16997 -1.13926
-0.965958 -1.30174 -1.2382
-1.35317 -1.27237 -1.25851
-1.12309 -1.25242 -1.22619
-1.49907 -1.18578 -1.26564
-1.71231 -1.13598 -1.40418
-1.72354 -1.15452 -1.53766
-1.57202 -1.46256 -1.61494
-1.38122 -1.74823 -1.65154
-1.26899 -1.75233 -1.5075
-1.14553 -1.50172 -1.32016
-1.50468 -1.31009 -1.31877
-1.39245 -1.45619 -1.36238
-1.78527 -1.44983 -1.48914
-1.83577 -1.44325 -1.5587
-1.32511 -1.5872 -1.52988
-1.68426 -1.64324 -1.50178
-1.54396 -1.54927 -1.38714
-1.52713 -1.35446 -1.34868
-1.63936 -1.29523 -1.36746
-1.57763 -1.24102 -1.38622
-1.63375 -1.33631 -1.37914
-1.62814 -1.35205 -1.40501
-1.4654 -1.27385 -1.33291
-1.44856 -1.24306 -1.24556
-1.38684 -1.1164 -1.1247
-0.977182 -1.00798 -1.03686
-1.09503 -1.16907 -1.05021
-1.45418 -1.29865 -1.09842
-1.35317 -1.33153 -1.0006
-1.10625 -1.22164 -0.985737
-1.48223 -1.32964 -1.20101
-1.62253 -1.44546 -1.3724
-1.60008 -1.51828 -1.38108
-1.44856 -1.50249 -1.28158
-1.37 -1.38516 -1.30456
-1.36439 -1.41023 -1.25863
-1.20726 -1.31951 -1.05523
-0.488964 -1.24227 -0.850671
-0.960346 -1.25041 -0.809757
-0.999628 -1.29452 -0.877769
-0.831277 -1.30351 -1.09261
-1.44856 -1.48095 -1.30364
-1.49346 -1.59925 -1.49829
-1.47101 -1.62601 -1.58936
-1.45418 -1.59243 -1.57093
-1.44856 -1.64149 -1.51584
-1.45979 -1.64931 -1.51739
-1.50468 -1.62088 -1.49338
-1.54396 -1.59014 -1.44316
-1.49346 -1.54844 -1.41231
-1.48785 -1.53014 -1.39207
-1.34194 -1.55209 -1.36171
-1.42051 -1.63572 -1.37605
-1.44856 -1.59493 -1.44587
-1.4654 -1.59305 -1.53221
-1.55519 -1.66711 -1.53579
-1.24654 -1.62271 -1.37844
-0.921065 -1.52911 -1.24015
-0.752714 -1.4446 -1.08781
-0.646091 -1.38134 -1.05654
-0.893006 -1.42569 -1.1979
-1.07819 -1.49384 -1.28228
-1.16798 -1.42422 -1.28029
-1.24654 -1.37778 -1.30834
-1.15676 -1.38355 -1.37042
-1.21848 -1.40328 -1.43374
-1.25215 -1.39568 -1.31457
-0.994017 -1.27362 -1.07923
-0.864948 -1.21112 -0.975434
-0.97157 -1.12758 -1.0241
-1.09503 -1.06711 -1.09027
-1.02208 -1.04299 -1.04677
-0.904229 -0.957793 -0.949389
-0.864948 -0.86965 -0.92132
-0.814442 -0.844184 -0.818709
-0.70782 -0.806314 -0.639638
-0.281331 -0.697649 -0.448956
-0.236438 -0.529301 -0.356393
-0.135427 -0.574436 -0.344937
-0.713432 -0.570512 -0.508135
-0.584363 -0.630089 -0.681097
-0.690985 -0.689225 -0.677456
-0.331836 -0.493108 -0.546123
-0.298166 -0.565665 -0.464724
-0.421624 -0.626636 -0.540642
-0.60681 -0.555325 -0.630902
-0.522634 -0.46548 -0.661081
-0.646091 -0.495279 -0.757958
-0.870559 -0.521283 -0.874501
-0.797607 -0.490944 -0.874993
-0.567528 -0.456252 -0.644427
-0.37673 -0.347203 -0.357561
-0.208379 -0.218119 -0.327803
-0.545081 -0.529827 -0.513085
-0.612421 -0.741652 -0.649937
-0.483352 -0.667141 -0.564074
-0.460905 -0.500928 -0.410364
-0.242049 -0.362448 -0.377114
-0.404788 -0.386748 -0.454866
-0.545081 -0.390865 -0.575924
-0.634868 -0.442381 -0.562193
-0.264496 -0.280661 -0.395538
-0.0793101 -0.0956133 -0.255439
-0.124204 -0.139363 -0.216724
-0.30939 -0.186576 -0.192592
-0.163486 -0.0923774 -0.0497531
0.122711 -0.0160759 0.0912927
0.122711 0.139539 0.0201123
-0.135427 -0.0484923 -0.240777
-0.539469 -0.368781 -0.479512
-0.517022 -0.417814 -0.515645
-0.270108 -0.239261 -0.253562
0.0329238 0.0742223 -0.00273385
0.302285 0.298025 0.244971
0.31912 0.310632 0.260162
0.00486534 0.191356 0.173103
0.150769 0.28938 0.283718
0.223721 0.53596 0.355291
0.0385355 0.242075 0.256117
0.100264 0.224099 0.200019
0.296674 0.338345 0.300503
0.201275 0.348801 0.364373
0.234945 0.377639 0.351067
0.122711 0.269722 0.175446
0.0890408 0.063324 0.0453104
0.150769 0.032565 0.0182591
0.0553706 0.0526435 0.0150534
0.0890408 0.0923712 0.0470872
0.212498 0.185622 0.122735
0.302285 0.20916 0.160578
0.150769 0.200203 0.183909
0.167605 0.253144 0.281328
0.425743 0.532773 0.480553
0.902737 0.674596 0.694899
0.571647 0.658309 0.711178
0.728774 0.683872 0.762908
0.841008 0.753623 0.717871
0.526753 0.656397 0.514913
0.324732 0.506061 0.346643
0.296674 0.494376 0.402527
0.392072 0.754199 0.514553
0.498695 0.708337 0.526968
0.459413 0.675899 0.369905
0.566035 0.526816 0.41045
0.655822 0.630089 0.560958
0.622152 0.755346 0.702426
0.902737 0.877771 0.938791
1.39095 1.15954 1.2046
0.784891 1.1974 1.08142
0.521141 0.76562 0.809434
0.605317 0.622312 0.674166
0.622152 0.663396 0.67157
0.58287 0.656086 0.707261
0.667045 0.721006 0.720587
0.745609 0.794353 0.691262
0.863455 0.718179 0.651396
0.874678 0.663279 0.671978
0.925184 0.678906 0.788607
0.784891 0.838553 0.814035
0.661434 0.782984 0.810803
0.885902 0.902949 0.878307
0.958854 0.905785 0.951106
1.1721 0.951492 1.03966
1.30678 1.04743 1.02719
0.739998 0.881096 0.90049
0.835396 0.815218 0.836019
0.841008 0.876446 0.797552
0.622152 0.862405 0.670946
0.571647 0.795654 0.507468
0.745609 0.628999 0.547081
0.588482 0.697123 0.671507
0.857843 0.73161 0.771301
0.857843 0.779651 0.887968
1.07109 0.897114 0.972154
1.16087 1.00742 1.01201
1.20016 1.02053 0.997081
0.992524 0.93888 0.959674
0.953242 0.836964 0.936214
1.03742 0.885789 0.957325
1.1272 0.978237 1.06653
0.953242 1.12396 1.14982
0.919572 1.23762 1.1311
0.970077 1.257 1.11073
0.852231 1.25272 1.06307
0.779279 1.07881 1.00426
0.891513 0.999582 0.993213
1.02619 1.09484 1.04033
0.91396 1.11693 1.08552
1.13282 1.20023 1.11352
1.1272 1.242 1.05425
1.09353 1.24293 1.07357
1.00936 1.17896 1.10482
1.07109 1.13803 1.1256
1.09915 1.18971 1.14892
1.16649 1.27252 1.20395
1.11598 1.2717 1.23973
1.22822 1.32727 1.31929
1.34606 1.39803 1.41525
1.4134 1.40547 1.4392
1.34606 1.25768 1.40322
1.23383 1.26009 1.34264
1.26189 1.32725 1.325
1.19454 1.26189 1.27765
1.15526 1.15808 1.20788
1.18893 1.13564 1.14658
0.975689 1.16065 0.999007
0.885902 0.991756 0.891225
0.863455 1.01019 0.887014
0.689492 1.08683 0.874667
0.706327 1.01181 0.836784
0.992524 0.988491 0.921427
1.05425 1.00892 1.01735
1.10476 1.00538 1.06419
1.23383 1.05159 1.13838
1.25066 1.12268 1.23464
1.09915 1.16776 1.23732
1.14404 1.15539 1.20167
1.21138 1.1531 1.11297
1.02619 1.14372 1.02733
1.05425 1.23406 1.04795
1.0767 1.28563 1.11835
1.21138 1.25711 1.18425
1.31239 1.30135 1.20444
1.31239 1.29243 1.22617
1.23383 1.27021 1.27794
1.28433 1.2334 1.35606
1.40218 1.27486 1.42162
1.45829 1.38093 1.45802
1.32923 1.41908 1.44784
1.4134 1.41308 1.4617
1.24505 1.39352 1.38031
1.14404 1.21898 1.21982
1.05986 1.13786 1.08312
0.9813 1.09779 0.995556
0.964465 1.02211 0.982127
1.20577 1.09521 1.0306
1.05986 1.13608 1.01352
0.919572 1.11978 1.00147
0.964465 1.11316 1.06809
0.975689 1.22327 1.14451
0.925184 1.26741 1.07763
1.02619 1.23035 1.01821
0.94763 1.15667 1.02215
1.0767 1.12593 1.07026
1.02619 1.10349 1.08403
1.02619 1.11577 1.06047
0.925184 1.0649 1.01765
0.964465 1.05903 1.00358
0.992524 1.06045 1.01469
1.06548 1.05482 1.0358
1.10476 1.07513 1.08517
1.16087 1.0936 1.1369
1.09353 1.10172 1.15089
1.04864 1.05486 1.13691
0.9813 1.04145 1.09982
1.00936 1.02498 1.08726
1.09353 1.05404 1.12763
1.08792 1.06595 1.13461
0.919572 1.01533 1.06297
1.11037 0.998824 1.01821
1.04303 1.01778 0.980724
1.02058 0.927268 0.91975
0.88029 0.832873 0.812829
0.829785 0.79026 0.783511
0.711939 0.791802 0.77703
0.667045 0.755293 0.716613
0.58287 0.657422 0.64198
0.734386 0.620552 0.684513
0.818561 0.727071 0.723847
0.661434 0.711133 0.717074
0.717551 0.685506 0.720244
0.739998 0.670377 0.648211
0.571647 0.612238 0.510098
0.453801 0.522442 0.394846
0.470636 0.469928 0.425883
0.521141 0.490978 0.491226
0.386461 0.533137 0.36878
0.279838 0.349953 0.245913
0.240557 0.289229 0.256234
0.532365 0.381158 0.54779
0.88029 0.645029 0.759919
0.610929 0.72474 0.609181
0.274227 0.493451 0.336666
0.0890408 0.269344 0.202958
0.279838 0.4303 0.356158
0.622152 0.667768 0.535323
0.51553 0.539204 0.48716
0.436966 0.338777 0.413268
0.330344 0.334503 0.446704
0.493083 0.374467 0.46801
0.560423 0.377123 0.423083
0.397684 0.271327 0.338534
0.375237 0.268555 0.279172
0.268615 0.269368 0.232152
0.195663 0.21252 0.16182
0.167605 0.166997 0.17667
0.274227 0.204173 0.291972
0.302285 0.284249 0.382159
0.453801 0.388685 0.350775
0.291062 0.458383 0.387701
0.414519 0.468954 0.358197
0.65021 0.491804 0.424086
0.240557 0.293666 0.202982
-0.101757 -0.061205 -0.0653597
